"Selection"	"View"	"Channel"	"Begin.Time..s."	"End.Time..s."	"Low.Freq..Hz."	"High.Freq..Hz."	"BW.90...Hz."	"Dur.90...s."	"Freq.5...Hz."	"Freq.95...Hz."	"Center.Freq..Hz."	"Freq.Contour..5...Hz."	"Freq.Contour.50...Hz."	"Freq.Contour.95...Hz."	"PFC.Avg.Slope..Hz.ms."	"PFC.Num.Inf.Pts"	"PFC.Max.Freq..Hz."	"PFC.Max.Slope..Hz.ms."	"Sex"
"1"	1	"Spectrogram 1"	1	506.5669279	506.8727064	5052.632	12421.053	5512.5	0.254	6567.627	12080.127	6804.492	"6610.693;6610.693;6632.227;6481.494;5684.766;6029.297;6718.359;6653.760;6589.160;6524.561;6567.627;6395.361;6416.895;6653.760;6589.160;6567.627;6546.094"	"6804.492;6804.492;6847.559;6912.158;6804.492;8354.883;11692.529;6718.359;6782.959;6976.758;6804.492;7041.357;6826.025;6804.492;6718.359;6739.893;6739.893"	"7062.891;7084.424;7062.891;7062.891;9323.877;11649.463;12187.793;11993.994;12058.594;12080.127;11821.729;12101.660;11843.262;10895.801;6890.625;6998.291;7062.891"	-0.074	8	11692.529	271.827	"M"
"2"	2	"Spectrogram 1"	1	507.4842632	507.7900416	4842.105	12912.281	6675.293	0.2177	5900.098	12575.391	6933.691	"6481.494;6546.094;6481.494;5340.234;5404.834;5986.230;6675.293;6610.693;6459.961;5943.164;6158.496;6093.896;6503.027;6180.029;6589.160;6632.227"	"6826.025;6826.025;6826.025;6503.027;7967.285;10099.072;12424.658;6761.426;6761.426;6826.025;6804.492;6847.559;6869.092;6912.158;6761.426;6761.426"	"7062.891;7062.891;7105.957;12596.924;12575.391;12360.059;12596.924;12230.859;12467.725;12467.725;12316.992;11950.928;11864.795;12144.727;10852.734;7084.424"	-0.396	4	12553.857	310.999	"M"
"3"	3	"Spectrogram 1"	1	508.3460023	508.6239827	4771.93	12982.456	7062.891	0.1814	5512.5	12575.391	6933.691	"6610.693;6610.693;6395.361;5297.168;5340.234;6050.830;5792.432;5770.898;5469.434;5361.768;5684.766;5986.230;6050.830;6072.363;5512.500"	"6761.426;6761.426;6761.426;6761.426;9496.143;11757.129;11864.795;9776.074;6976.758;6912.158;6847.559;6804.492;6826.025;6869.092;6826.025"	"7019.824;6976.758;6955.225;12575.391;12596.924;12596.924;12639.990;12596.924;12360.059;12316.992;12101.660;11843.262;11735.596;11735.596;11757.129"	0.339	5	12575.391	316.934	"M"
"4"	4	"Spectrogram 1"	1	508.7907709	509.0965493	4631.579	14035.088	7407.422	0.1995	5878.564	13285.986	9883.74	"5706.299;4995.703;4952.637;5275.635;6503.027;6675.293;6330.762;6136.963;5684.766;5986.230;5857.031;5813.965;6158.496;6481.494;6589.160;6352.295"	"6696.826;6696.826;6653.760;6912.158;12037.061;12230.859;7472.021;8914.746;7213.623;6869.092;6933.691;6890.625;6847.559;6804.492;6739.893;6826.025"	"9087.012;9366.943;9689.941;13307.520;12790.723;13544.385;13522.852;13070.654;12941.455;12683.057;12661.523;12510.791;12037.061;10335.938;7019.824;11025.000"	0.396	6	12273.926	295.567	"M"
"5"	5	"Spectrogram 1"	1	509.2911356	509.596914	4701.754	13894.737	7278.223	0.1814	5943.164	13221.387	11304.932	"6589.160;6546.094;5103.369;5103.369;5512.500;6782.959;6438.428;6244.629;5490.967;6136.963;5297.168;6244.629;5835.498;6675.293;6589.160;6244.629;5404.834"	"6761.426;6761.426;6136.963;6072.363;8828.613;12273.926;11670.996;11627.930;10099.072;7235.156;7041.357;6890.625;6998.291;6761.426;6718.359;6782.959;6890.625"	"7062.891;7127.490;13113.721;13156.787;13027.588;13415.186;13501.318;13415.186;13221.387;12596.924;12683.057;12532.324;12553.857;10486.670;7428.955;11735.596;10702.002"	0.668	9	12596.924	310.999	"M"
"6"	6	"Spectrogram 1"	1	509.8748943	510.1250767	4912.281	13263.158	6955.225	0.1451	5620.166	12575.391	7751.953	"6589.160;5620.166;5469.434;5512.500;6610.693;6739.893;6675.293;6481.494;6416.895;6244.629;6201.562;6266.162;6287.695;6093.896"	"6739.893;6782.959;6847.559;7299.756;10895.801;11907.861;11369.531;10400.537;7988.818;8204.150;7385.889;6933.691;6955.225;7019.824"	"7019.824;7062.891;7687.354;11563.330;12575.391;12683.057;12962.988;12833.789;12812.256;12876.855;12553.857;12446.191;12489.258;12403.125"	0.091	7	12683.057	288.445	"M"
"7"	7	"Spectrogram 1"	1	510.4308551	510.7366335	4842.105	13614.035	6739.893	0.1633	5835.498	12575.391	7687.354	"6503.027;6481.494;6481.494;5146.436;5254.102;6503.027;6653.760;6653.760;6524.561;6481.494;6330.762;6115.430;6524.561;6589.160;6546.094;5943.164;5555.566"	"6804.492;6804.492;6804.492;5598.633;7299.756;7816.553;11369.531;11261.865;11197.266;9883.740;8225.684;7493.555;6761.426;6761.426;6782.959;6761.426;6912.158"	"7084.424;7019.824;7019.824;7084.424;10637.402;12532.324;12618.457;12876.855;13049.121;13070.654;12941.455;12467.725;12316.992;11627.930;11089.600;11907.861;12080.127"	0.594	8	12553.857	267.079	"M"
"8"	8	"Spectrogram 1"	1	511.098008	511.3481903	4771.93	13192.982	6610.693	0.1633	5921.631	12532.324	7644.287	"6438.428;5103.369;5254.102;5663.232;6696.826;6610.693;6438.428;6330.762;6373.828;6546.094;6589.160;6589.160;6546.094;6438.428"	"6804.492;5921.631;7278.223;7708.887;11369.531;11347.998;9410.010;8010.352;6998.291;6955.225;6782.959;6739.893;6739.893;6826.025"	"7127.490;7041.357;9668.408;12187.793;12575.391;12769.189;12575.391;12553.857;12295.459;12273.926;11907.861;11477.197;11089.600;10637.402"	0.274	4	11369.531	223.159	"M"
"9"	9	"Spectrogram 1"	1	511.5705746	511.904151	4350.877	12280.702	6761.426	0.2177	5232.568	11993.994	8311.816	"6503.027;6438.428;6352.295;6589.160;5103.369;6223.096;7192.090;5081.836;5404.834;6244.629;5340.234;5577.100;6373.828;6459.961;5641.699;6481.494;6373.828;6459.961"	"6739.893;6826.025;6782.959;6890.625;5921.631;9582.275;11692.529;10702.002;10938.867;7407.422;9862.207;7751.953;6761.426;6847.559;6804.492;6761.426;6826.025;6761.426"	"6976.758;6976.758;7170.557;7644.287;7751.953;11606.396;12058.594;11972.461;11993.994;11972.461;12058.594;11993.994;11627.930;11757.129;11950.928;7665.820;8031.885;7170.557"	0.419	10	11993.994	325.243	"M"
"10"	10	"Spectrogram 1"	1	512.543001	512.8328297	5164.557	12759.494	6696.826	0.1995	5577.1	12273.926	7299.756	"6546.094;5211.035;5297.168;5469.434;6416.895;6589.160;6158.496;6373.828;6438.428;6352.295;6158.496;6115.430;6244.629;6223.096;6481.494;6416.895"	"6826.025;6675.293;7062.891;7127.490;11089.600;11843.262;11240.332;6782.959;6804.492;6847.559;6912.158;6804.492;6847.559;6804.492;6782.959;6718.359"	"6976.758;6976.758;7816.553;8031.885;12166.260;12575.391;12273.926;12316.992;11950.928;12252.393;12403.125;12166.260;11843.262;11821.729;8290.283;7041.357"	-0.554	5	12553.857	223.159	"M"
"11"	11	"Spectrogram 1"	1	513.098506	513.3641823	4739.241	12820.253	7321.289	0.1088	5254.102	12575.391	8462.549	"6589.160;6481.494;6653.760;4909.570;5124.902;6309.229;6739.893;5835.498;6266.162;6266.162;6244.629;6180.029;6223.096;6438.428;6503.027"	"6761.426;6847.559;6782.959;5684.766;6804.492;10379.004;12360.059;9474.609;10034.473;8333.350;9388.477;7751.953;6890.625;6912.158;6761.426"	"7041.357;7321.289;7084.424;7127.490;7708.887;12080.127;12596.924;12553.857;12618.457;12510.791;12510.791;12510.791;12489.258;12532.324;12295.459"	0	5	12618.457	318.121	"M"
"12"	12	"Spectrogram 1"	1	513.3400299	513.8713826	5164.557	14400	4457.373	0.1995	9689.941	14147.314	12618.457	"6567.627;6589.160;6912.158;13436.719;13931.982;14082.715;13781.250;13393.652;12919.922;12575.391;12166.260;11929.395;11477.197;10702.002;10637.402;10206.738;9474.609;8441.016;6804.492;6223.096;6546.094;6653.760;6524.561;6459.961;6675.293;6675.293;6589.160;6567.627;6610.693;6589.160"	"6826.025;7062.891;13630.518;14082.715;14168.848;14147.314;14082.715;13695.117;13479.785;12984.521;12596.924;12403.125;12058.594;11606.396;11218.799;10465.137;10163.672;9603.809;9151.611;9819.141;9969.873;10228.271;10099.072;10012.939;10185.205;9926.807;9711.475;7450.488;6782.959;6804.492"	"12510.791;13479.785;13953.516;14168.848;14254.980;14254.980;14211.914;13996.582;13867.383;13845.850;13436.719;13092.188;12962.988;12855.322;12726.123;11972.461;12403.125;12381.592;12187.793;12553.857;12252.393;12704.590;12575.391;12532.324;12446.191;12446.191;12273.926;12037.061;11821.729;11649.463"	-0.082	9	14233.447	395.277	"F"
"13"	13	"Spectrogram 1"	1	513.895535	514.2578209	4921.519	13063.291	6653.76	0.127	6115.43	12769.189	9431.543	"6416.895;5512.500;5706.299;6050.830;7299.756;7127.490;6029.297;5792.432;6158.496;6115.430;6180.029;6352.295;6158.496;5986.230;5943.164;6481.494;6223.096;6029.297;6675.293;6589.160"	"6890.625;5770.898;6933.691;8096.484;10465.137;11907.861;9539.209;8742.480;9194.678;8807.080;8527.148;8139.551;8074.951;8118.018;8182.617;7579.688;7601.221;8010.352;6739.893;6718.359"	"11907.861;10874.268;8074.951;11218.799;12790.723;12812.256;12769.189;12769.189;12833.789;12876.855;12876.855;12704.590;12833.789;12769.189;12855.322;12683.057;12403.125;11972.461;9991.406;8074.951"	-0.125	8	12876.855	259.957	"M"
"14"	14	"Spectrogram 1"	1	514.45104	514.7408687	4982.278	13367.089	5813.965	0.2358	7342.822	13156.787	12123.193	"5706.299;6029.297;6589.160;7321.289;6696.826;6050.830;6115.430;6330.762;6632.227;6955.225;6718.359;8720.947;12855.322;12424.658;11821.729;11455.664"	"6072.363;7881.152;8957.812;11541.797;10938.867;9883.740;10034.473;10292.871;9905.273;12639.990;12962.988;13264.453;12984.521;12618.457;12123.193;11800.195"	"8247.217;9603.809;12532.324;12855.322;13092.188;13092.188;13135.254;13135.254;13113.721;13307.520;13350.586;13329.053;13199.854;13049.121;12769.189;12898.389"	20.258	3	13350.586	296.754	"M"
"15"	15	"Spectrogram 1"	1	514.571802	515.1031546	5286.076	13610.127	5921.631	0.4535	7536.621	13458.252	11434.131	"6115.430;6352.295;6632.227;7515.088;13006.055;12467.725;12855.322;12424.658;11821.729;11455.664;10615.869;10206.738;9474.609;8699.414;7235.156;6330.762;6524.561;6718.359;6718.359;6653.760;6675.293;6653.760;6567.627;6589.160;6696.826;6610.693;5835.498;6438.428;7687.354;7816.553"	"10034.473;10314.404;9905.273;12769.189;13458.252;13307.520;12984.521;12618.457;12123.193;11800.195;11218.799;10465.137;10056.006;9388.477;8871.680;9625.342;9474.609;9797.607;9797.607;9776.074;9883.740;9711.475;9345.410;8807.080;9797.607;8527.148;6180.029;8096.484;10658.936;12123.193"	"13135.254;13135.254;13113.721;13436.719;13501.318;13479.785;13242.920;13070.654;12769.189;12898.389;12553.857;11670.996;11778.662;11627.930;11821.729;12489.258;12424.658;12252.393;11886.328;11907.861;12101.660;11993.994;11907.861;11929.395;11627.930;12187.793;12467.725;9366.943;12596.924;13501.318"	0.655	9	13479.785	181.614	"F"
"16"	16	"Spectrogram 1"	1	515.006545	515.3446785	5103.797	13731.646	6804.492	0.1088	6524.561	13329.053	9646.875	"6653.760;5835.498;6180.029;6912.158;7730.420;7816.553;6201.562;6330.762;6330.762;6223.096;6158.496;6330.762;6072.363;6136.963;6373.828;6438.428;6481.494;6287.695;6158.496"	"9259.277;6180.029;8053.418;8979.346;10981.934;12123.193;9948.340;9948.340;11412.598;9087.012;8850.146;8699.414;8677.881;8311.816;8268.750;6847.559;6890.625;7601.221;7235.156"	"12015.527;12467.725;9474.609;12553.857;13436.719;13501.318;13285.986;13479.785;13501.318;13415.186;13393.652;13221.387;13135.254;13135.254;13070.654;12338.525;12596.924;12467.725;12381.592"	-0.396	8	13479.785	283.697	"M"
"17"	17	"Spectrogram 1"	1	515.5137453	515.8518788	5103.797	13670.886	6330.762	0.0907	6567.627	12898.389	9776.074	"6589.160;6589.160;6007.764;6266.162;6395.361;7687.354;7773.486;6244.629;6438.428;6201.562;6223.096;6309.229;6330.762;6180.029;6373.828;6330.762;6459.961;6438.428;6266.162"	"6782.959;6782.959;6266.162;8031.885;8053.418;10680.469;12209.326;10142.139;9474.609;10379.004;9517.676;9388.477;8656.348;8548.682;8462.549;7472.021;6869.092;7730.420;7364.355"	"7041.357;7149.023;12596.924;9991.406;9496.143;12618.457;13350.586;13285.986;13329.053;13242.920;13329.053;13070.654;12790.723;13329.053;13221.387;12876.855;12618.457;12683.057;12273.926"	0.198	8	13350.586	181.614	"M"
"18"	18	"Spectrogram 1"	1	516.0692503	516.4073838	4921.519	13731.646	6696.826	0.1088	6739.893	13436.719	9474.609	"6352.295;6373.828;6115.430;6503.027;7665.820;7816.553;6912.158;6416.895;6589.160;6481.494;6373.828;6503.027;6201.562;6395.361;6416.895;6416.895;6503.027;6524.561"	"6761.426;6761.426;6567.627;7967.285;9969.873;12037.061;10185.205;9862.207;9711.475;10163.672;8613.281;9000.879;8462.549;8828.613;8591.748;7342.822;6826.025;6804.492"	"8441.016;8311.816;12661.523;9043.945;12553.857;13522.852;13199.854;13501.318;13479.785;13458.252;13415.186;13458.252;13156.787;12876.855;13221.387;12726.123;12166.260;11950.928"	0.209	8	13479.785	289.632	"M"
"19"	19	"Spectrogram 1"	1	516.4556886	516.9870412	5529.114	13913.924	5490.967	0.3991	8010.352	13501.318	12080.127	"6610.693;6718.359;8419.482;13006.055;13415.186;13285.986;12898.389;12876.855;12575.391;12360.059;11993.994;11757.129;11369.531;10551.270;10206.738;9280.811;8096.484;6589.160;6567.627;6696.826;6696.826;6739.893;6761.426;6696.826;6029.297;6352.295;7579.688;7795.020;7816.553"	"6804.492;12618.457;13479.785;13673.584;13458.252;13458.252;13221.387;13006.055;12812.256;12618.457;12166.260;11972.461;11627.930;10831.201;10443.604;10056.006;9194.678;8871.680;9969.873;9733.008;10400.537;10400.537;10142.139;10357.471;6632.227;7428.955;8979.346;11993.994;11520.264"	"10572.803;13458.252;13759.717;13781.250;13738.184;13652.051;13652.051;13479.785;13436.719;12919.922;12812.256;12769.189;12446.191;12144.727;11929.395;12187.793;11714.062;12080.127;12360.059;12037.061;12273.926;12510.791;12467.725;12230.859;12596.924;8720.947;10809.668;13350.586;13522.852"	13.184	9	13738.184	372.724	"F"
"20"	20	"Spectrogram 1"	1	516.8421269	517.2527176	4921.519	13731.646	6632.227	0.127	6696.826	13329.053	9517.676	"6739.893;6696.826;6029.297;6223.096;6869.092;7751.953;7795.020;6567.627;6180.029;6309.229;6244.629;6244.629;6223.096;6438.428;6481.494;6395.361;6244.629;6373.828;6373.828;6416.895;6653.760;6546.094;6352.295"	"10314.404;10228.271;9043.945;7428.955;8742.480;9560.742;11886.328;10465.137;9797.607;10077.539;9668.408;9237.744;8979.346;8613.281;8441.016;8484.082;8290.283;8828.613;8505.615;7902.686;6739.893;6739.893;6890.625"	"12510.791;12446.191;12575.391;10572.803;10745.068;12704.590;13479.785;13522.852;13501.318;13436.719;13415.186;13458.252;13436.719;13458.252;13522.852;13006.055;13242.920;12790.723;12876.855;12683.057;10917.334;11046.533;11477.197"	-8.957	9	13501.318	267.079	"M"
"21"	21	"Spectrogram 1"	1	517.3734795	517.6874606	5103.797	13792.405	4823.438	0.2358	7795.02	12618.457	11821.729	"6524.561;6826.025;7278.223;7838.086;7838.086;7127.490;6266.162;6503.027;6610.693;6696.826;7450.488;8247.217;8936.279;11972.461;11929.395;11649.463"	"6675.293;7924.219;8548.682;9366.943;11584.863;10443.604;10206.738;9926.807;10012.939;9991.406;10508.203;10766.602;11972.461;12144.727;11972.461;11907.861"	"7428.955;8354.883;10809.668;12704.590;13393.652;13458.252;13479.785;13436.719;13458.252;13436.719;12209.326;12058.594;12209.326;12273.926;12187.793;12209.326"	19.625	3	13501.318	240.965	"M"
"22"	22	"Spectrogram 1"	1	517.5425463	518.0980513	5468.354	12394.937	4198.975	0.4535	7967.285	12166.26	10809.668	"6675.293;7385.889;8247.217;8914.746;11972.461;11929.395;11649.463;11412.598;10981.934;10486.670;10012.939;9280.811;8311.816;6933.691;6352.295;6632.227;6718.359;6761.426;6804.492;6718.359;6696.826;6739.893;6718.359;6632.227;6589.160;6675.293;6782.959;7364.355;7902.686;7816.553;7687.354"	"9517.676;10465.137;10766.602;11972.461;12144.727;11972.461;11907.861;11584.863;11455.664;10680.469;10357.471;9819.141;9259.277;9043.945;9754.541;9582.275;10228.271;10314.404;10012.939;10012.939;9733.008;9862.207;6847.559;6826.025;6976.758;6782.959;7278.223;8074.951;9043.945;10034.473;9560.742"	"11864.795;12015.527;12037.061;12209.326;12273.926;12166.260;12209.326;12015.527;11993.994;11606.396;11563.330;11649.463;11111.133;11800.195;11886.328;11843.262;11778.662;11821.729;11714.062;11800.195;11735.596;11627.930;11627.930;11369.531;11520.264;11347.998;7708.887;8850.146;10917.334;12273.926;12144.727"	0.791	12	12166.26	211.289	"F"
"23"	23	"Spectrogram 1"	1	517.9772894	518.38788	4921.519	13792.405	6093.896	0.127	7256.689	13350.586	9410.01	"6610.693;6761.426;7213.623;7687.354;7945.752;7945.752;7859.619;6201.562;6330.762;6589.160;6352.295;6373.828;6373.828;6416.895;6610.693;6330.762;6567.627;6739.893;6589.160;6567.627;6546.094;6503.027;6309.229"	"6955.225;7278.223;8074.951;8720.947;9840.674;11606.396;10357.471;10034.473;9948.340;9733.008;9776.074;9280.811;9216.211;9043.945;8979.346;8742.480;8742.480;8462.549;7019.824;6739.893;7192.090;7105.957;7751.953"	"11434.131;9883.740;8850.146;10745.068;12726.123;13479.785;13522.852;13501.318;13479.785;13501.318;13501.318;13458.252;13350.586;13501.318;13372.119;13372.119;13049.121;12790.723;11455.664;10895.801;11735.596;12037.061;11498.730"	0.162	11	13522.852	278.949	"M"
"24"	24	"Spectrogram 1"	1	518.508642	518.9192327	4860.759	13610.127	5383.301	0.2177	7838.086	13221.387	11907.861	"6438.428;6567.627;6890.625;7235.156;7601.221;7816.553;7967.285;7536.621;8074.951;11003.467;11929.395;11563.330;11218.799;10615.869;10163.672;9453.076;8419.482;6890.625;6481.494;6610.693;6653.760;6869.092;6718.359"	"6912.158;6912.158;7945.752;8311.816;8893.213;11950.928;12510.791;12941.455;12639.990;12166.260;11972.461;11929.395;11778.662;11003.467;10465.137;10012.939;9496.143;8936.279;10206.738;9711.475;10185.205;10422.070;10012.939"	"9453.076;7773.486;8505.615;10960.400;11563.330;13221.387;13458.252;13436.719;13221.387;12898.389;12489.258;12532.324;12209.326;11993.994;11929.395;11972.461;11864.795;11800.195;12144.727;12101.660;12015.527;11993.994;12015.527"	9.982	5	13436.719	240.965	"M"
"25"	25	"Spectrogram 1"	1	518.5569468	519.0399946	5164.557	13670.886	5340.234	0.2177	7859.619	13199.854	11907.861	"7235.156;7601.221;7816.553;7967.285;7536.621;8074.951;11003.467;11929.395;11563.330;11218.799;10615.869;10163.672;9453.076;8419.482;6890.625;6481.494;6610.693;6653.760;6869.092;6718.359;6696.826;6610.693;6589.160;6610.693;6589.160;6696.826;6675.293"	"8311.816;8893.213;11950.928;12510.791;12941.455;12639.990;12166.260;11972.461;11929.395;11778.662;11003.467;10465.137;10012.939;9496.143;8936.279;10206.738;9711.475;10185.205;10422.070;10012.939;9582.275;9388.477;9646.875;9345.410;8613.281;7493.555;6955.225"	"10960.400;11563.330;13221.387;13458.252;13436.719;13221.387;12898.389;12489.258;12532.324;12209.326;11993.994;11929.395;11972.461;11864.795;11800.195;12144.727;12101.660;12015.527;11993.994;12015.527;11886.328;12080.127;11864.795;11907.861;11993.994;11929.395;11391.064"	-3.15	9	13436.719	240.965	"F"
"26"	26	"Spectrogram 1"	1	519.1607566	519.5713473	4982.278	13549.367	6158.496	0.127	7041.357	13199.854	9087.012	"6589.160;6546.094;6223.096;6804.492;7558.154;7816.553;7859.619;6395.361;6567.627;6675.293;6567.627;6589.160;6373.828;6567.627;6610.693;6373.828;6653.760;6567.627;6416.895;6503.027;6503.027;6589.160;6675.293"	"6739.893;6718.359;6653.760;7751.953;8677.881;11563.330;10465.137;10163.672;10012.939;9087.012;9216.211;9410.010;9237.744;8677.881;8484.082;8074.951;8311.816;7407.422;8118.018;7838.086;8074.951;7213.623;6718.359"	"7493.555;8096.484;12747.656;8204.150;10185.205;12726.123;13372.119;13415.186;13329.053;13350.586;13307.520;13372.119;13092.188;13372.119;13221.387;13113.721;12532.324;12790.723;13156.787;11735.596;12338.525;11627.930;9560.742"	-0.054	10	13393.652	305.064	"M"
"27"	27	"Spectrogram 1"	1	519.8128712	520.2234619	4921.519	13427.848	6438.428	0.1633	6675.293	13113.721	8807.08	"6589.160;6201.562;6395.361;6610.693;6933.691;7170.557;6761.426;6567.627;6567.627;6589.160;6438.428;6481.494;6459.961;6503.027;6610.693;6632.227;6589.160;6589.160;6416.895;6589.160;6546.094;6524.561;6481.494"	"6739.893;6632.227;7278.223;7988.818;8570.215;9883.740;10012.939;9840.674;9625.342;9582.275;9668.408;8871.680;8225.684;8096.484;8204.150;8268.750;8613.281;8333.350;7816.553;6869.092;6869.092;7127.490;7601.221"	"7019.824;12596.924;8031.885;10056.006;12510.791;12898.389;13199.854;13178.320;13221.387;13242.920;13242.920;13221.387;12962.988;12661.523;12876.855;12661.523;13178.320;12532.324;12855.322;11993.994;11261.865;12144.727;12058.594"	0.27	10	13242.92	255.209	"M"
"28"	28	"Spectrogram 1"	1	520.5132906	520.8997289	5164.557	13792.405	6675.293	0.2721	6782.959	13458.252	12510.791	"6632.227;6567.627;6201.562;6438.428;6459.961;6782.959;6739.893;6739.893;6481.494;6567.627;6395.361;6438.428;6610.693;6589.160;6503.027;6567.627;6589.160;8333.350;9905.273;12812.256;10658.936"	"6739.893;6739.893;6675.293;7235.156;7256.689;8247.217;8764.014;10228.271;9345.410;10163.672;8785.547;8570.215;8871.680;8139.551;8247.217;8161.084;8699.414;10443.604;12618.457;13415.186;13307.520"	"6869.092;6869.092;12360.059;8204.150;8182.617;10508.203;12726.123;13587.451;13544.385;13522.852;13264.453;13264.453;13285.986;13501.318;13113.721;12919.922;12510.791;12058.594;13393.652;13458.252;13436.719"	18.339	10	13587.451	376.285	"M"
"29"	29	"Spectrogram 1"	1	520.8031193	521.3344719	5468.354	13488.608	3789.844	0.1995	9625.342	13415.186	12252.393	"7385.889;9108.545;11950.928;12575.391;12726.123;12575.391;12403.125;12037.061;11757.129;11455.664;10551.270;10120.605;9302.344;7428.955;6804.492;6503.027;6696.826;6782.959;6696.826;6696.826;6653.760;6675.293;6761.426;6632.227;6696.826;6696.826;6589.160;6459.961;6459.961"	"10422.070;11950.928;13415.186;13415.186;12941.455;12855.322;12639.990;12403.125;12166.260;11950.928;11455.664;10702.002;10422.070;9905.273;9776.074;10228.271;10723.535;10400.537;10077.539;10314.404;10206.738;10185.205;10314.404;10077.539;6976.758;6739.893;6998.291;8462.549;7622.754"	"12037.061;13372.119;13458.252;13458.252;13415.186;13285.986;13006.055;12833.789;12704.590;12704.590;12424.658;12230.859;12058.594;12101.660;12295.459;12683.057;12467.725;12424.658;12424.658;12403.125;12316.992;12403.125;12338.525;12360.059;11778.662;11391.064;12058.594;11993.994;11821.729"	-7.292	8	13415.186	224.346	"F"
"30"	30	"Spectrogram 1"	1	521.3103195	521.7209102	5164.557	13670.886	6653.76	0.1814	6718.359	13372.119	8764.014	"6589.160;6438.428;6459.961;6696.826;6933.691;7450.488;7278.223;6718.359;6653.760;6567.627;6481.494;6567.627;6546.094;6589.160;6567.627;6395.361;6610.693;6589.160;6632.227;6352.295;6481.494"	"7041.357;6826.025;7299.756;7493.555;8441.016;9087.012;10465.137;10292.871;9862.207;9087.012;8527.148;8720.947;8699.414;8656.348;8462.549;8161.084;8225.684;6933.691;6761.426;7665.820;8161.084"	"11929.395;11692.529;7773.486;9151.611;12209.326;13522.852;13565.918;13501.318;13350.586;13458.252;13285.986;13458.252;13285.986;13221.387;12898.389;12575.391;12467.725;12338.525;11993.994;12316.992;12532.324"	0.119	5	13587.451	335.926	"M"
"31"	31	"Spectrogram 1"	1	521.8416722	522.2522629	5225.316	13610.127	6459.961	0.1633	6869.092	13329.053	8742.48	"6610.693;6610.693;6696.826;6890.625;7127.490;7450.488;7450.488;7062.891;6675.293;6567.627;6589.160;6610.693;6675.293;6804.492;6739.893;6567.627;6653.760;6610.693;6610.693;6567.627;6632.227;6503.027;6632.227"	"6761.426;6739.893;7062.891;7472.021;8397.949;8656.348;9840.674;10529.736;9819.141;9345.410;9065.479;8656.348;8828.613;8570.215;8677.881;9237.744;8139.551;8182.617;7988.818;7988.818;8010.352;7838.086;6782.959"	"7170.557;6955.225;7472.021;8957.812;11843.262;12575.391;13415.186;13415.186;13350.586;13329.053;13264.453;13092.188;13027.588;13049.121;12941.455;13415.186;13049.121;12360.059;12424.658;12618.457;12639.990;12381.592;11326.465"	0	11	13415.186	275.388	"M"
"32"	32	"Spectrogram 1"	1	522.5420916	522.9285299	4982.278	13488.608	6330.762	0.1633	6739.893	13070.654	8699.414	"6546.094;6481.494;6481.494;6718.359;7105.957;6912.158;7235.156;6847.559;6416.895;6481.494;6739.893;6696.826;6481.494;6546.094;6524.561;6481.494;6546.094;6481.494;6309.229;6459.961;6459.961"	"6826.025;6912.158;6912.158;7795.020;8527.148;9043.945;9668.408;9969.873;9840.674;9108.545;9022.412;8634.814;8290.283;8656.348;8311.816;8182.617;8139.551;7881.152;7708.887;7041.357;6933.691"	"7149.023;7342.822;7342.822;8936.279;11864.795;13049.121;13285.986;13135.254;13027.588;13242.920;13285.986;13070.654;13264.453;13156.787;12919.922;12962.988;12230.859;12575.391;12855.322;12123.193;11455.664"	0.237	11	13307.52	296.754	"M"
"33"	33	"Spectrogram 1"	1	523.0492918	523.6289492	5346.835	13792.405	4651.172	0.2721	8634.814	13285.986	11950.928	"6610.693;6632.227;6653.760;12919.922;13285.986;12941.455;12704.590;12446.191;12144.727;11993.994;11800.195;11584.863;11347.998;10745.068;10400.537;9582.275;8570.215;6890.625;6330.762;6696.826;6761.426;6890.625;6739.893;6739.893;6718.359;6739.893;6718.359;6675.293;6481.494;6201.562;6373.828;6804.492"	"6718.359;9108.545;12575.391;13458.252;13501.318;13285.986;12898.389;12618.457;12338.525;12123.193;11972.461;11778.662;11584.863;11240.332;10594.336;10228.271;9496.143;9388.477;10400.537;9969.873;10335.938;10508.203;10443.604;10163.672;10379.004;10228.271;9603.809;9797.607;10206.738;6869.092;7665.820;8505.615"	"7622.754;12962.988;12984.521;13587.451;13608.984;13587.451;13329.053;13156.787;12898.389;12575.391;12316.992;12209.326;12403.125;11972.461;11606.396;11606.396;11714.062;11714.062;11993.994;11950.928;12037.061;12144.727;12144.727;12015.527;12144.727;11972.461;12101.660;11972.461;12015.527;12661.523;8785.547;10357.471"	3.216	12	13479.785	370.35	"F"
"34"	34	"Spectrogram 1"	1	523.5564921	523.918778	4617.722	13610.127	6546.094	0.1633	6653.76	13199.854	8785.547	"6223.096;6201.562;6373.828;6804.492;6847.559;7515.088;6869.092;6330.762;6589.160;6610.693;6589.160;6503.027;6330.762;6309.229;6395.361;6546.094;6546.094;6352.295;6503.027;6481.494"	"6912.158;6869.092;7665.820;8505.615;8957.812;10357.471;10012.939;10120.605;9130.078;9173.145;8742.480;8807.080;8096.484;8764.014;8548.682;8376.416;8419.482;7838.086;6782.959;6847.559"	"12510.791;12575.391;8785.547;10357.471;12726.123;13393.652;13372.119;13178.320;13329.053;13329.053;13350.586;12855.322;12790.723;12683.057;13113.721;12704.590;12833.789;12898.389;11240.332;11175.732"	-0.062	10	13393.652	275.388	"M"
"35"	35	"Spectrogram 1"	1	524.0878447	524.474283	4617.722	14217.722	4457.373	0.3084	8570.215	13027.588	12187.793	"6567.627;6675.293;7967.285;8397.949;8484.082;8591.748;8074.951;6696.826;6739.893;6610.693;6739.893;6524.561;6739.893;6696.826;6696.826;6610.693;6761.426;11843.262;12618.457;12166.260;12037.061"	"6804.492;6718.359;8634.814;9000.879;9582.275;10120.605;10271.338;9603.809;9646.875;9496.143;9216.211;9496.143;9130.078;8914.746;8591.748;8785.547;11757.129;12941.455;13006.055;12553.857;12166.260"	"8462.549;8010.352;8957.812;10314.404;13781.250;13975.049;13996.582;13931.982;13652.051;13522.852;13802.783;13630.518;13544.385;13415.186;13329.053;12273.926;12618.457;13006.055;13027.588;13006.055;12510.791"	14.838	10	13996.582	292.006	"M"
"36"	36	"Spectrogram 1"	1	524.353521	524.9090261	5103.797	13184.81	4392.773	0.4535	8548.682	12941.455	11584.863	"6675.293;6718.359;10163.672;12575.391;12187.793;12058.594;11864.795;11627.930;11477.197;11025.000;10486.670;10142.139;9496.143;9280.811;8505.615;6761.426;6459.961;6912.158;6782.959;6869.092;6782.959;6653.760;6675.293;6696.826;6610.693;6718.359;6696.826;6675.293;6696.826;6890.625;7450.488"	"8613.281;11455.664;12898.389;12984.521;12812.256;12187.793;12144.727;11886.328;11757.129;11477.197;10788.135;10658.936;10400.537;10012.939;9689.941;9151.611;9819.141;10077.539;10292.871;10443.604;9840.674;9668.408;9754.541;9668.408;10292.871;9819.141;6976.758;6761.426;6955.225;8204.150;8527.148"	"11843.262;12596.924;13006.055;13027.588;13027.588;12855.322;12424.658;12273.926;12166.260;12037.061;11800.195;11606.396;11627.930;11714.062;11714.062;12144.727;12144.727;11864.795;11886.328;11886.328;12037.061;11929.395;11907.861;12058.594;11864.795;11757.129;11757.129;11326.465;8139.551;8893.213;11520.264"	3.324	8	13006.055	292.006	"F"
"37"	37	"Spectrogram 1"	1	524.8365689	525.1988548	4313.924	13549.367	6223.096	0.1633	6761.426	12984.521	8699.414	"6696.826;6782.959;7127.490;7472.021;7536.621;7084.424;6546.094;6416.895;6567.627;6481.494;6481.494;6546.094;6589.160;6610.693;6589.160;6610.693;6546.094;6373.828;6632.227"	"6933.691;8139.551;8484.082;8656.348;9410.010;9496.143;9194.678;9366.943;8677.881;8613.281;8764.014;8720.947;8505.615;8161.084;8053.418;8096.484;8139.551;8505.615;7967.285"	"10422.070;8893.213;11197.266;12532.324;13135.254;13178.320;13178.320;13156.787;13156.787;13156.787;13049.121;12919.922;12898.389;12790.723;12769.189;12639.990;12618.457;12898.389;12316.992"	-0.132	6	9065.479	71.221	"M"
"38"	38	"Spectrogram 1"	1	525.2713119	525.8509694	5286.076	13124.051	4694.238	0.2177	7924.219	12618.457	10938.867	"6589.160;11455.664;11950.928;12101.660;11929.395;11757.129;11649.463;11412.598;11046.533;10658.936;10335.938;7773.486;7622.754;7407.422;6804.492;6459.961;6524.561;6589.160;6481.494;6761.426;6739.893;6782.959;6632.227;6675.293;6632.227;6696.826;6459.961;6438.428;6524.561;6610.693;6589.160;6546.094"	"8118.018;12639.990;12962.988;12618.457;12123.193;11907.861;11821.729;11735.596;11498.730;10831.201;10745.068;10443.604;9991.406;9517.676;9625.342;9625.342;9517.676;9603.809;9087.012;9388.477;9582.275;9087.012;9000.879;9366.943;8699.414;7967.285;8053.418;8419.482;7859.619;8268.750;6761.426;6804.492"	"12080.127;12984.521;13049.121;13027.588;12898.389;12381.592;12101.660;12080.127;12015.527;11757.129;11541.797;11369.531;11714.062;12467.725;12876.855;12941.455;12855.322;12683.057;12639.990;12747.656;12489.258;12919.922;12898.389;12360.059;11972.461;11843.262;11864.795;12037.061;11757.129;11864.795;10981.934;11197.266"	-0.191	14	13113.721	334.739	"F"
"39"	39	"Spectrogram 1"	1	525.4403787	525.8026646	4617.722	13367.089	4371.24	0.1451	7515.088	11886.328	10615.869	"10658.936;10335.938;7773.486;7622.754;7407.422;6782.959;6438.428;6524.561;6589.160;6503.027;6826.025;6718.359;6782.959;6632.227;6653.760;6632.227;6696.826;6459.961;6438.428;6524.561"	"10831.201;10745.068;10443.604;9991.406;9517.676;9646.875;9711.475;9582.275;9625.342;9259.277;9582.275;9646.875;9108.545;9000.879;9474.609;8742.480;8010.352;8118.018;8419.482;7859.619"	"11757.129;11541.797;11369.531;11735.596;12510.791;12941.455;13113.721;13006.055;12790.723;13135.254;13135.254;12747.656;12962.988;12941.455;12618.457;12144.727;11886.328;12252.393;12252.393;11778.662"	-11.62	11	13156.787	192.297	"M"
"40"	40	"Spectrogram 1"	1	525.8992742	526.3340172	4617.722	13488.608	6115.43	0.1633	6890.625	13006.055	8699.414	"6632.227;6718.359;7472.021;7622.754;7665.820;7687.354;7084.424;6610.693;6503.027;6589.160;6632.227;6503.027;6653.760;6589.160;6481.494;6696.826;6546.094;6632.227;6438.428;6395.361;6653.760;6567.627;6481.494;6438.428"	"6804.492;7665.820;8139.551;8462.549;8742.480;9388.477;9776.074;9366.943;8807.080;8828.613;8613.281;8505.615;8333.350;8505.615;8031.885;8118.018;8354.883;8053.418;8182.617;8053.418;6804.492;6739.893;6804.492;7988.818"	"9474.609;8182.617;8979.346;11563.330;12704.590;13113.721;13199.854;13221.387;12984.521;13178.320;13199.854;12747.656;12553.857;12575.391;12726.123;12790.723;12316.992;12596.924;12467.725;12424.658;10938.867;10788.135;10960.400;11864.795"	3.922	12	13221.387	286.071	"M"
"41"	41	"Spectrogram 1"	1	526.4789316	527.0102842	5225.316	13367.089	3186.914	0.1814	9453.076	12639.99	11261.865	"6632.227;11972.461;12575.391;12037.061;11843.262;11821.729;11714.062;11455.664;11218.799;10874.268;10465.137;10056.006;9453.076;8720.947;6955.225;6201.562;6632.227;6675.293;6869.092;6933.691;6761.426;6653.760;6675.293;6589.160;6589.160;6696.826;6567.627;6567.627;6696.826"	"11714.062;12898.389;12941.455;12489.258;12101.660;11972.461;11778.662;11627.930;11498.730;11240.332;10745.068;10379.004;9991.406;9689.941;8893.213;9259.277;10077.539;10508.203;10056.006;10012.939;10099.072;9991.406;9646.875;9905.273;10034.473;10185.205;9517.676;6804.492;6955.225"	"12553.857;13199.854;13242.920;13199.854;12704.590;12489.258;12230.859;12058.594;11907.861;11929.395;11369.531;11391.064;11434.131;11520.264;11584.863;11843.262;11735.596;11606.396;11606.396;11692.529;11714.062;11606.396;11670.996;11584.863;11735.596;11670.996;11670.996;11218.799;8031.885"	0.594	10	13199.854	339.487	"F"
"42"	42	"Spectrogram 1"	1	526.937827	527.3484177	4617.722	13549.367	6309.229	0.1633	6782.959	13092.188	8742.48	"6632.227;6567.627;6696.826;6847.559;7127.490;7385.889;7515.088;7321.289;6739.893;6395.361;6589.160;6524.561;6481.494;6503.027;6546.094;6632.227;6610.693;6459.961;6416.895;6330.762;6373.828;6503.027;6503.027"	"9840.674;7041.357;6955.225;8139.551;8484.082;8699.414;9496.143;10034.473;9991.406;9065.479;8656.348;9087.012;8785.547;8871.680;8613.281;8634.814;7924.219;8311.816;8290.283;7902.686;8139.551;7472.021;6847.559"	"11670.996;11541.797;10486.670;8850.146;10831.201;12338.525;13221.387;13307.520;13156.787;13006.055;13070.654;13264.453;13156.787;12726.123;13135.254;13027.588;12704.590;12661.523;12984.521;12144.727;12726.123;12123.193;11197.266"	0.324	12	13156.787	353.731	"M"
"43"	43	"Spectrogram 1"	1	527.4450273	527.8073132	4678.481	13549.367	2304.053	0.2902	8247.217	10551.27	10400.537	"6675.293;7708.887;7902.686;8010.352;7967.285;7859.619;6653.760;6481.494;6567.627;6546.094;7256.689;7558.154;8720.947;9948.340;10163.672;10400.537;10422.070;10335.938;10163.672;9948.340"	"7472.021;8139.551;8462.549;8613.281;9474.609;9840.674;9668.408;9151.611;8764.014;8720.947;9323.877;9819.141;9969.873;10142.139;10379.004;10465.137;10486.670;10400.537;10249.805;10099.072"	"8118.018;8591.748;9496.143;11972.461;12876.855;13113.721;13156.787;13156.787;13049.121;13156.787;13156.787;12295.459;10056.006;10228.271;10486.670;10486.670;10508.203;10508.203;10465.137;10443.604"	9.496	5	13178.32	230.281	"M"
"44"	44	"Spectrogram 1"	1	527.5916726	528.1954824	5164.557	10632.911	2239.453	0.4898	8247.217	10486.67	10379.004	"6459.961;6459.961;6998.291;7342.822;8699.414;9948.340;10163.672;10400.537;10422.070;10335.938;10163.672;9948.340;9474.609;9022.412;8441.016;6739.893;6330.762;6782.959;6632.227;6589.160;6696.826;6718.359;6718.359;6675.293;6632.227;6589.160;6546.094;6524.561;6653.760;6890.625;7924.219;8096.484;8031.885"	"8225.684;8484.082;9108.545;9797.607;9969.873;10142.139;10379.004;10465.137;10486.670;10400.537;10249.805;10099.072;9862.207;9410.010;9539.209;9280.811;9754.541;9689.941;9410.010;9733.008;9840.674;9883.740;9646.875;10099.072;8871.680;7019.824;9582.275;8914.746;8096.484;8010.352;8139.551;8527.148;8720.947"	"10228.271;10142.139;9948.340;9969.873;10034.473;10228.271;10486.670;10486.670;10508.203;10508.203;10465.137;10443.604;10400.537;10271.338;10465.137;10486.670;10486.670;10465.137;10465.137;10486.670;10465.137;10465.137;10486.670;10486.670;10486.670;10465.137;10465.137;10357.471;10486.670;10034.473;8484.082;9388.477;10335.938"	0.594	13	10486.67	70.034	"F"
"45"	45	"Spectrogram 1"	1	528.0971419	528.5077326	4496.203	13427.848	5232.568	0.3265	7536.621	12769.189	9130.078	"6653.760;6890.625;7924.219;8096.484;8053.418;8074.951;7988.818;6610.693;6416.895;6589.160;6503.027;6459.961;6503.027;6546.094;6610.693;6438.428;6589.160;7924.219;9862.207;10572.803;11218.799;10422.070"	"8204.150;8010.352;8139.551;8527.148;9043.945;9366.943;9366.943;9108.545;9043.945;8677.881;9065.479;8957.812;8828.613;8871.680;8591.748;8570.215;8850.146;10486.670;11864.795;11520.264;11283.398;11261.865"	"10486.670;10034.473;8484.082;9388.477;12467.725;12984.521;13027.588;13242.920;13027.588;13027.588;13199.854;12726.123;12898.389;13049.121;13027.588;13092.188;12704.590;11735.596;11972.461;11929.395;11886.328;11800.195"	11.87	9	11886.328	214.85	"M"
"46"	46	"Spectrogram 1"	1	528.3887015	528.9442066	5346.835	12091.139	3186.914	0.4535	8161.084	11347.998	10745.068	"6782.959;8828.613;10056.006;11218.799;11197.266;11197.266;11089.600;10981.934;10723.535;10486.670;10163.672;10099.072;9453.076;8720.947;7321.289;6244.629;6567.627;6589.160;6653.760;6696.826;6739.893;6653.760;6675.293;6653.760;6610.693;6675.293;6696.826;7795.020;7924.219;8096.484;8031.885"	"10400.537;11778.662;11692.529;11326.465;11283.398;11261.865;11240.332;11175.732;10831.201;10788.135;10594.336;10379.004;10012.939;9410.010;9668.408;9194.678;9733.008;9776.074;9689.941;9819.141;10206.738;9969.873;9948.340;9366.943;6847.559;6912.158;8139.551;8010.352;8161.084;8591.748;9000.879"	"11649.463;11950.928;11950.928;11886.328;11864.795;11627.930;11369.531;11283.398;11261.865;11154.199;11261.865;11283.398;11154.199;11154.199;11240.332;11283.398;11283.398;11218.799;11283.398;11175.732;11283.398;11240.332;11240.332;11154.199;11025.000;11261.865;11175.732;8225.684;8634.814;10185.205;11670.996"	-4.075	11	11886.328	223.159	"F"
"47"	47	"Spectrogram 1"	1	528.8700185	529.3047615	4313.924	13306.329	5900.098	0.1814	7105.957	13006.055	8785.547	"6955.225;7902.686;7988.818;8074.951;8053.418;7967.285;6718.359;6481.494;6459.961;6481.494;6481.494;6438.428;6503.027;6438.428;6546.094;6416.895;6438.428;6395.361;6438.428;6395.361;6589.160;6503.027;6503.027;9668.408"	"8010.352;8139.551;8527.148;8699.414;9517.676;9797.607;9754.541;9410.010;8785.547;8871.680;9000.879;8807.080;8656.348;9043.945;8462.549;8591.748;8591.748;8354.883;8268.750;8053.418;6890.625;6782.959;6998.291;10572.803"	"9646.875;8634.814;9948.340;12446.191;12855.322;13113.721;13135.254;13113.721;12919.922;13070.654;13070.654;12919.922;13070.654;13049.121;12769.189;12855.322;12532.324;12661.523;12532.324;12037.061;11347.998;10292.871;10422.070;11735.596"	6.245	10	13135.254	280.136	"M"
"48"	48	"Spectrogram 1"	1	529.2340353	529.7412355	6622.785	12030.38	3273.047	0.2177	7945.752	11218.799	10637.402	"6675.293;9711.475;10981.934;11154.199;11154.199;11132.666;11089.600;11003.467;10745.068;10594.336;10357.471;7945.752;7859.619;7795.020;7816.553;7407.422;6869.092;6912.158;7019.824;6912.158;6739.893;6955.225;6739.893;6933.691;6739.893;6696.826;6696.826"	"7041.357;10572.803;11778.662;11240.332;11175.732;11175.732;11175.732;11068.066;10852.734;10788.135;10637.402;10422.070;9969.873;9194.678;9108.545;9043.945;9065.479;9108.545;9000.879;9194.678;9151.611;9302.344;8613.281;9345.410;9323.877;8333.350;8053.418"	"10228.271;11735.596;11950.928;11907.861;11714.062;11434.131;11498.730;11218.799;11154.199;11132.666;11089.600;11046.533;11089.600;11046.533;11175.732;11477.197;11584.863;11627.930;11670.996;11692.529;11455.664;11670.996;11283.398;11197.266;11477.197;11283.398;11025.000"	0	10	11778.662	214.85	"F"
"49"	49	"Spectrogram 1"	1	529.4496759	529.7878094	4374.684	13367.089	5103.369	0.1451	7558.154	12661.523	10077.539	"7945.752;7859.619;7816.553;7859.619;6998.291;6567.627;6589.160;6567.627;6589.160;6696.826;6481.494;6567.627;6524.561;6696.826;6653.760;6675.293;6438.428;6330.762;6459.961"	"10422.070;9969.873;9280.811;9388.477;9625.342;9668.408;9474.609;9065.479;9345.410;9237.744;9517.676;8720.947;9625.342;9410.010;8441.016;8074.951;8591.748;8225.684;8118.018"	"11046.533;11089.600;11864.795;12747.656;13135.254;13135.254;13027.588;12855.322;13006.055;13070.654;12812.256;12747.656;12984.521;12769.189;12187.793;11843.262;12144.727;11778.662;11757.129"	-11.343	8	13135.254	224.346	"M"
"50"	50	"Spectrogram 1"	1	529.9258261	530.3122644	4496.203	13427.848	3251.514	0.2721	8139.551	11391.064	10142.139	"8118.018;8139.551;8182.617;8204.150;7213.623;6610.693;6782.959;7601.221;7967.285;10099.072;10077.539;10120.605;10142.139;9969.873;9754.541;9323.877;8742.480;7472.021;6352.295;6546.094;6653.760"	"8505.615;8613.281;9087.012;9345.410;9431.543;9754.541;10163.672;10142.139;10120.605;10185.205;10228.271;10249.805;10228.271;10077.539;9926.807;9776.074;9216.211;8850.146;8677.881;9194.678;9302.344"	"9216.211;11606.396;12704.590;12962.988;13156.787;13156.787;12144.727;11068.066;10508.203;10249.805;10271.338;10292.871;10292.871;10206.738;10271.338;10206.738;10185.205;10163.672;10206.738;10228.271;10271.338"	3.62	9	10271.338	106.832	"M"
"51"	51	"Spectrogram 1"	1	529.9586071	530.4899597	5407.595	10511.392	2131.787	0.2902	8139.551	10271.338	10142.139	"8139.551;8161.084;8139.551;6869.092;6524.561;6718.359;7558.154;7881.152;10099.072;10077.539;10120.605;10142.139;9969.873;9754.541;9323.877;8742.480;7472.021;6352.295;6546.094;6653.760;6481.494;6718.359;6739.893;6653.760;6546.094;6610.693;6632.227;6675.293;6653.760;6610.693"	"8591.748;8785.547;8764.014;8591.748;8957.812;10163.672;10142.139;10120.605;10185.205;10228.271;10249.805;10228.271;10077.539;9926.807;9776.074;9216.211;8807.080;8613.281;9173.145;9280.811;9582.275;9216.211;9603.809;9108.545;9582.275;9668.408;9797.607;8699.414;7342.822;6718.359"	"9991.406;10228.271;10249.805;10271.338;10271.338;10271.338;10271.338;10185.205;10228.271;10249.805;10292.871;10292.871;10185.205;10271.338;10206.738;10185.205;10163.672;10142.139;10228.271;10249.805;10228.271;10271.338;10185.205;10206.738;10292.871;10249.805;10271.338;10271.338;10249.805;10249.805"	-3.438	17	10292.871	106.832	"F"
"52"	52	"Spectrogram 1"	1	530.529636	530.9402266	4435.443	13306.329	2734.717	0.1995	8311.816	11046.533	10400.537	"6933.691;8268.750;8290.283;8311.816;8397.949;8311.816;8505.615;8096.484;8742.480;10335.938;8268.750;10012.939;9797.607;9453.076;8764.014;7342.822;6330.762;6567.627;6546.094;6567.627;6739.893;6761.426;6653.760"	"8290.283;8484.082;8548.682;8591.748;9754.541;10572.803;10486.670;10486.670;10443.604;10400.537;10357.471;10206.738;10012.939;9840.674;9625.342;9043.945;9431.543;9689.941;9840.674;9711.475;9733.008;9819.141;9689.941"	"9754.541;8634.814;9948.340;10206.738;12596.924;11778.662;12962.988;12898.389;10486.670;10486.670;10572.803;10400.537;10422.070;10486.670;10486.670;10486.670;10422.070;10508.203;10465.137;10508.203;10529.736;10465.137;10443.604"	3.615	5	10594.336	85.465	"M"
"53"	53	"Spectrogram 1"	1	530.5382645	531.0454647	5103.797	10875.949	2260.986	0.1995	8311.816	10572.803	10400.537	"6933.691;8268.750;8290.283;8311.816;8290.283;8311.816;8441.016;8010.352;8720.947;10335.938;8225.684;10012.939;9797.607;9453.076;8742.480;7342.822;6309.229;6567.627;6546.094;6546.094;6739.893;6761.426;6653.760;6696.826;6675.293;6524.561;6567.627;6675.293"	"8290.283;8484.082;8548.682;8591.748;9043.945;10551.270;10486.670;10486.670;10443.604;10400.537;10357.471;10206.738;10012.939;9840.674;9603.809;9022.412;9345.410;9668.408;9819.141;9711.475;9689.941;9819.141;9689.941;8936.279;6890.625;6782.959;8290.283;8311.816"	"9733.008;8634.814;9926.807;10185.205;10809.668;10788.135;10572.803;10529.736;10465.137;10465.137;10465.137;10400.537;10357.471;10465.137;10486.670;10422.070;10357.471;10443.604;10465.137;10465.137;10508.203;10400.537;10422.070;10508.203;10443.604;10443.604;10465.137;10508.203"	-3.165	6	10594.336	85.465	"F"
"54"	54	"Spectrogram 1"	1	531.1334458	531.4957317	4374.684	13245.57	6180.029	0.1814	6890.625	13070.654	8871.68	"7924.219;8074.951;8139.551;8247.217;8225.684;7170.557;6546.094;6459.961;6503.027;6589.160;6438.428;6524.561;6589.160;6653.760;6589.160;6524.561;6459.961;6309.229;6309.229;6653.760"	"8096.484;8247.217;8591.748;9496.143;9711.475;10120.605;9603.809;8871.680;8914.746;9130.078;9259.277;8677.881;8333.350;8484.082;8333.350;8462.549;8376.416;8462.549;8441.016;6739.893"	"8247.217;8613.281;10185.205;12683.057;12962.988;13135.254;13135.254;12833.789;13092.188;13027.588;13006.055;12962.988;12941.455;12833.789;12876.855;12639.990;12360.059;12489.258;12467.725;11455.664"	-3.936	12	13135.254	239.778	"M"
"55"	55	"Spectrogram 1"	1	531.4560554	532.0115604	5346.835	11665.823	2045.654	0.2177	8871.68	10917.334	10766.602	"6459.961;6718.359;9582.275;10809.668;10809.668;10788.135;10788.135;10788.135;10766.602;10615.869;10443.604;10163.672;9819.141;9431.543;8742.480;7321.289;6266.162;6589.160;6653.760;6610.693;6804.492;6869.092;6782.959;6696.826;6632.227;6632.227;6610.693;6546.094;6653.760;7428.955;7730.420"	"6739.893;10465.137;11068.066;10852.734;10852.734;10852.734;10874.268;10874.268;10831.201;10680.469;10572.803;10379.004;10034.473;9776.074;9625.342;9000.879;9173.145;9668.408;9819.141;9711.475;10163.672;10099.072;10163.672;9689.941;6869.092;8677.881;8570.215;9517.676;8268.750;7967.285;8161.084"	"10185.205;11111.133;11520.264;11477.197;11089.600;10895.801;10960.400;10938.867;10917.334;10895.801;10766.602;10831.201;10680.469;10895.801;10874.268;10852.734;10895.801;10895.801;10895.801;10852.734;10874.268;10917.334;10895.801;10917.334;10895.801;10874.268;10874.268;10895.801;10895.801;8161.084;8613.281"	2.414	14	11498.73	214.85	"F"
"56"	56	"Spectrogram 1"	1	531.9546271	532.3893702	4435.443	13367.089	3380.713	0.3447	8182.617	11563.33	10142.139	"6610.693;7342.822;7644.287;7924.219;8074.951;8074.951;7881.152;6912.158;6589.160;6416.895;6524.561;6610.693;6395.361;6503.027;6524.561;6696.826;7428.955;9087.012;9733.008;9733.008;9969.873;9991.406;10142.139;10120.605"	"9087.012;7967.285;8139.551;8527.148;8699.414;9345.410;9646.875;9969.873;9926.807;9022.412;8850.146;8936.279;9000.879;8527.148;8893.213;9043.945;9754.541;9754.541;9819.141;9991.406;10034.473;10185.205;10228.271;10185.205"	"10895.801;8936.279;8613.281;9560.742;12230.859;12704.590;13113.721;13178.320;13178.320;13135.254;13156.787;13027.588;13092.188;12919.922;12919.922;12747.656;10292.871;9797.607;9883.740;10034.473;10142.139;10228.271;10249.805;10228.271"	8.154	11	13178.32	261.144	"M"
"57"	57	"Spectrogram 1"	1	532.2047796	532.7119798	5164.557	10389.873	1141.26	0.1814	9108.545	10249.805	10099.072	"6567.627;7407.422;9087.012;9733.008;9733.008;9969.873;9991.406;10012.939;10142.139;9969.873;9797.607;9453.076;9000.879;8548.682;6696.826;6330.762;6244.629;6589.160;6567.627;6653.760;6610.693;6546.094;6589.160;6610.693;6373.828;6632.227;6653.760"	"8764.014;9754.541;9754.541;9819.141;9991.406;10034.473;10077.539;10206.738;10206.738;10163.672;10034.473;9862.207;9560.742;9302.344;8979.346;8936.279;9646.875;9840.674;9711.475;9345.410;9087.012;9323.877;9496.143;9733.008;9000.879;6761.426;6739.893"	"9646.875;9819.141;9797.607;9883.740;10034.473;10142.139;10228.271;10249.805;10249.805;10228.271;10228.271;10206.738;10142.139;10142.139;10163.672;10185.205;10228.271;10249.805;10249.805;10206.738;10142.139;10163.672;10206.738;10228.271;10206.738;10228.271;10163.672"	-5.022	7	10228.271	189.923	"F"
"58"	58	"Spectrogram 1"	1	532.6791989	533.113942	4496.203	13488.608	4414.307	0.3265	8010.352	12424.658	9087.012	"6653.760;6567.627;6696.826;8333.350;8419.482;8419.482;8333.350;8010.352;6610.693;6309.229;6481.494;6761.426;8376.416;8441.016;8354.883;8570.215;9151.611;7816.553;9280.811;9065.479;9000.879;8720.947;8505.615;8268.750"	"6739.893;6739.893;8333.350;8505.615;8656.348;9022.412;9108.545;9474.609;9926.807;9108.545;8807.080;9043.945;9065.479;9130.078;9173.145;9280.811;9366.943;9410.010;9431.543;9345.410;9065.479;8893.213;8720.947;8591.748"	"10185.205;10142.139;9797.607;8634.814;9410.010;12489.258;12876.855;13156.787;13264.453;13329.053;13285.986;11692.529;10099.072;9173.145;9302.344;9366.943;9410.010;9496.143;9474.609;9453.076;9366.943;9410.010;9366.943;9345.410"	4.232	5	13329.053	254.022	"M"
"59"	59	"Spectrogram 1"	1	532.7361322	533.3157896	5286.076	9600	2368.652	0.381	7062.891	9431.543	9043.945	"8397.949;8311.816;7687.354;6287.695;6244.629;6244.629;6503.027;6998.291;8311.816;8333.350;8484.082;8957.812;9022.412;9108.545;9151.611;9000.879;8785.547;8527.148;8333.350;8268.750;7967.285;7278.223;6524.561;6050.830;6201.562;6330.762;6416.895;6395.361;6459.961;6524.561;6438.428;6481.494"	"8742.480;8764.014;8634.814;8376.416;8311.816;8397.949;9022.412;9043.945;9087.012;9130.078;9194.678;9302.344;9366.943;9410.010;9410.010;9087.012;9065.479;8850.146;8677.881;8570.215;8484.082;7881.152;7838.086;6847.559;8053.418;8118.018;8462.549;7730.420;8182.617;8161.084;8096.484;7536.621"	"9259.277;9410.010;9453.076;9366.943;9410.010;9323.877;9130.078;9108.545;9151.611;9216.211;9345.410;9410.010;9431.543;9474.609;9474.609;9431.543;9388.477;9388.477;9345.410;9323.877;9323.877;9410.010;9410.010;9345.410;9431.543;9410.010;9431.543;9302.344;9410.010;9410.010;9410.010;9388.477"	0.651	13	9431.543	151.938	"F"
"60"	60	"Spectrogram 1"	1	533.3071611	533.7419042	4435.443	13367.089	4220.508	0.2177	7687.354	11907.861	9560.742	"6438.428;6912.158;8376.416;8397.949;8397.949;8441.016;8505.615;8031.885;7256.689;7342.822;7945.752;8914.746;9000.879;8699.414;8376.416;8333.350;7622.754;6610.693;6050.830;6136.963;6395.361;6330.762;6416.895;6352.295"	"7988.818;8419.482;8505.615;8591.748;8828.613;9560.742;9625.342;9625.342;9625.342;9646.875;9603.809;9539.209;9366.943;9173.145;8871.680;8742.480;8527.148;7859.619;6696.826;8764.014;9323.877;8656.348;8742.480;8785.547"	"9410.010;9130.078;8720.947;9582.275;11800.195;12683.057;13092.188;13113.721;12941.455;11111.133;9711.475;9668.408;9646.875;9646.875;9582.275;9625.342;9625.342;9539.209;9668.408;9668.408;9646.875;9646.875;9689.941;9646.875"	-0.516	10	9646.875	181.614	"M"
"61"	61	"Spectrogram 1"	1	533.339942	533.8712947	5225.316	9903.797	2239.453	0.2358	7428.955	9668.408	9474.609	"8376.416;8397.949;8397.949;8419.482;8376.416;7881.152;7127.490;7278.223;7751.953;8828.613;9000.879;8699.414;8376.416;8333.350;7622.754;6610.693;6050.830;6136.963;6395.361;6330.762;6395.361;6352.295;6459.961;6244.629;6352.295;6352.295;6373.828;6438.428;6567.627"	"8505.615;8591.748;8720.947;9237.744;9625.342;9625.342;9625.342;9625.342;9582.275;9517.676;9366.943;9173.145;8871.680;8742.480;8527.148;7795.020;6675.293;8742.480;9237.744;8613.281;8699.414;8764.014;7795.020;7967.285;7795.020;9000.879;8548.682;6804.492;6761.426"	"8720.947;9431.543;9646.875;9711.475;9668.408;9668.408;9668.408;9668.408;9668.408;9646.875;9646.875;9625.342;9560.742;9603.809;9582.275;9366.943;9603.809;9646.875;9646.875;9603.809;9625.342;9603.809;9603.809;9646.875;9625.342;9646.875;9625.342;9539.209;9323.877"	-3.434	13	9646.875	181.614	"F"
"62"	62	"Spectrogram 1"	1	533.8471423	534.4992569	5103.797	9174.684	2260.986	0.3991	6761.426	9022.412	8785.547	"6632.227;8570.215;8591.748;8591.748;8613.281;8591.748;7342.822;6653.760;6567.627;6395.361;6481.494;6589.160;6718.359;6718.359;6826.025;6912.158;8893.213;8936.279;8591.748;8720.947;8548.682;8290.283;8010.352;7665.820;7192.090;6373.828;5964.697;6093.896;6115.430;6223.096;6244.629;6287.695;6309.229;6158.496;6309.229;6309.229"	"8742.480;8613.281;8656.348;8764.014;8785.547;8785.547;8677.881;8397.949;8268.750;8591.748;8785.547;8828.613;8871.680;8871.680;8936.279;8957.812;8979.346;8979.346;8893.213;8850.146;8720.947;8613.281;8548.682;7924.219;7450.488;6761.426;6352.295;7256.689;7493.555;7493.555;8161.084;6804.492;7902.686;7881.152;7515.088;6739.893"	"8871.680;8785.547;8957.812;9065.479;9087.012;9087.012;9087.012;9065.479;8979.346;8979.346;8957.812;8936.279;8936.279;8936.279;8979.346;9022.412;9022.412;9000.879;9000.879;8936.279;8979.346;9000.879;9000.879;8979.346;8828.613;8979.346;8957.812;8979.346;8785.547;8871.680;8979.346;8979.346;8979.346;9000.879;8979.346;8914.746"	-3.29	14	9065.479	135.32	"F"
"63"	63	"Spectrogram 1"	1	533.8626662	534.2732568	4435.443	13306.329	5232.568	0.3265	7256.689	12489.258	8893.213	"8570.215;8591.748;8591.748;8613.281;8634.814;7988.818;6869.092;6610.693;6481.494;6546.094;6610.693;6718.359;6739.893;6826.025;6933.691;8893.213;8936.279;8591.748;8720.947;8548.682;8290.283;8010.352"	"8613.281;8677.881;8785.547;9000.879;9474.609;10249.805;9108.545;8764.014;8742.480;8807.080;8850.146;8871.680;8871.680;8936.279;8957.812;8979.346;8979.346;8893.213;8850.146;8720.947;8613.281;8548.682"	"8785.547;8979.346;10637.402;12295.459;12919.922;13156.787;13135.254;12984.521;12812.256;12618.457;11886.328;10809.668;10658.936;9733.008;10120.605;9022.412;9000.879;9000.879;8936.279;8979.346;9000.879;9000.879"	0.735	6	13135.254	240.965	"M"
"64"	64	"Spectrogram 1"	1	534.4751045	535.0547619	5346.835	9113.924	2282.52	0.4898	6696.826	8979.346	8742.48	"6309.229;6503.027;8570.215;8570.215;8570.215;8570.215;8570.215;8570.215;7342.822;6524.561;6180.029;6459.961;6718.359;8591.748;7816.553;8419.482;8354.883;7622.754;7493.555;6955.225;6287.695;5943.164;6115.430;6115.430;6201.562;6136.963;6223.096;6115.430;6180.029;6718.359;8699.414;8699.414"	"6782.959;6847.559;8613.281;8613.281;8613.281;8807.080;8807.080;8785.547;8850.146;8699.414;8441.016;8914.746;8914.746;8914.746;8828.613;8742.480;8591.748;8462.549;8182.617;7450.488;6675.293;6373.828;7472.021;8225.684;8397.949;8010.352;7299.756;8290.283;6890.625;8828.613;8742.480;8850.146"	"8979.346;8957.812;8720.947;8785.547;8957.812;9087.012;9065.479;9000.879;9043.945;9022.412;8979.346;9000.879;8979.346;8979.346;8957.812;8893.213;8957.812;8914.746;8936.279;8807.080;8914.746;8828.613;8936.279;8957.812;8957.812;8957.812;8807.080;8936.279;8914.746;9043.945;8914.746;9043.945"	3.599	9	8979.346	123.45	"F"
"65"	65	"Spectrogram 1"	1	534.4906284	534.901219	4617.722	13245.57	5555.566	0.2721	6782.959	12338.525	8828.613	"6503.027;8570.215;8570.215;8570.215;8591.748;8591.748;8613.281;7472.021;6589.160;6266.162;6481.494;6739.893;8656.348;7988.818;8484.082;8376.416;7773.486;7493.555;6955.225;6287.695;5964.697;6115.430;6115.430"	"6847.559;8613.281;8613.281;8634.814;8979.346;8936.279;9711.475;8893.213;8893.213;8936.279;8957.812;8914.746;8936.279;8850.146;8742.480;8591.748;8484.082;8204.150;7450.488;6675.293;6438.428;7708.887;8354.883"	"8979.346;8720.947;8785.547;9711.475;12510.791;12596.924;12984.521;12898.389;12683.057;12941.455;11800.195;10809.668;9022.412;8979.346;8957.812;8957.812;8979.346;8979.346;8893.213;8936.279;10615.869;11735.596;9130.078"	4.424	4	8979.346	123.45	"M"
"66"	66	"Spectrogram 1"	1	534.9581523	535.5136574	5468.354	9113.924	2390.186	0.3265	6610.693	9000.879	8591.748	"6158.496;6696.826;8677.881;8699.414;8720.947;8591.748;8570.215;8548.682;7730.420;7321.289;6847.559;6826.025;6653.760;6847.559;6782.959;6890.625;6869.092;7342.822;7364.355;6976.758;6567.627;6352.295;6223.096;5943.164;6158.496;6201.562;6180.029;6180.029;6201.562;6180.029;6180.029"	"7730.420;8807.080;8742.480;8764.014;8807.080;8764.014;8742.480;8720.947;8613.281;8570.215;8570.215;8591.748;8591.748;8548.682;8484.082;8354.883;8139.551;8010.352;7665.820;7428.955;6976.758;6589.160;6309.229;6309.229;6804.492;6761.426;6955.225;6998.291;6998.291;6933.691;6847.559"	"8936.279;9043.945;8979.346;9043.945;9043.945;9043.945;9022.412;9043.945;9043.945;8979.346;8742.480;8785.547;8634.814;8634.814;8742.480;8634.814;8634.814;8656.348;8527.148;8613.281;8613.281;8548.682;8225.684;8419.482;8613.281;8527.148;8570.215;8613.281;8656.348;8613.281;8613.281"	-4.788	8	8914.746	36.798	"F"
"67"	67	"Spectrogram 1"	1	534.9978286	535.4567241	4556.962	13124.051	5663.232	0.2902	6739.893	12403.125	8613.281	"8677.881;8699.414;8720.947;8613.281;8591.748;8591.748;7902.686;7342.822;6912.158;6847.559;6653.760;6869.092;6804.492;6933.691;6890.625;7364.355;7364.355;6976.758;6567.627;6352.295;6223.096;5943.164;6180.029;6201.562;6180.029;6180.029"	"8742.480;8764.014;8893.213;9000.879;9517.676;9840.674;8634.814;8613.281;8570.215;8591.748;8591.748;8548.682;8484.082;8397.949;8161.084;8010.352;7665.820;7428.955;6998.291;6610.693;6309.229;6416.895;7019.824;6761.426;7062.891;7019.824"	"8979.346;9366.943;11369.531;12639.990;12941.455;12941.455;12596.924;12101.660;11778.662;10723.535;9625.342;9754.541;9797.607;9668.408;9000.879;9022.412;8764.014;8634.814;8850.146;8634.814;8462.549;11046.533;9496.143;8871.680;8957.812;9043.945"	-3.846	6	8764.014	36.798	"M"
"68"	68	"Spectrogram 1"	1	535.5378098	536.04501	5772.152	9539.241	2519.385	0.254	6589.16	9108.545	8634.814	"6352.295;6610.693;8419.482;8419.482;8462.549;8505.615;8591.748;8548.682;7558.154;6718.359;6847.559;6459.961;6610.693;6675.293;6976.758;6912.158;6546.094;6352.295;6223.096;6093.896;6007.764;6115.430;6180.029;6180.029;6373.828;6201.562;6158.496;6223.096"	"6761.426;8441.016;8764.014;8764.014;8742.480;8785.547;8742.480;8677.881;8720.947;8634.814;8570.215;8441.016;8354.883;8118.018;8010.352;7385.889;7192.090;7385.889;6330.762;6567.627;6287.695;6912.158;7428.955;6976.758;7041.357;6761.426;6826.025;7105.957"	"8505.615;9151.611;9043.945;9022.412;9022.412;9366.943;9366.943;9431.543;8936.279;9108.545;8720.947;9000.879;8893.213;8893.213;8850.146;8656.348;8742.480;8764.014;8613.281;8807.080;8828.613;8893.213;8893.213;8850.146;8742.480;8828.613;8871.680;8893.213"	0.176	8	8764.014	135.32	"F"
"69"	69	"Spectrogram 1"	1	535.6016384	535.9880767	4556.962	13063.291	5340.234	0.2358	6653.76	11993.994	8677.881	"8462.549;8505.615;8591.748;8591.748;7708.887;6847.559;6847.559;6481.494;6610.693;6718.359;6976.758;6933.691;6546.094;6352.295;6223.096;6093.896;6029.297;6115.430;6180.029;6180.029;6373.828"	"8742.480;8850.146;8850.146;9280.811;8720.947;8656.348;8591.748;8462.549;8419.482;8118.018;8031.885;7407.422;7428.955;7428.955;6330.762;6653.760;6395.361;6955.225;7751.953;6998.291;7062.891"	"9022.412;10960.400;12596.924;12726.123;12101.660;11649.463;11800.195;12015.527;10788.135;11670.996;10056.006;9000.879;9776.074;9646.875;8785.547;9733.008;9582.275;10594.336;9883.740;9668.408;9410.010"	-5.46	5	8764.014	135.32	"M"
"70"	70	"Spectrogram 1"	1	535.9967052	536.6246674	5711.392	8445.57	2131.787	0.4898	6266.162	8397.949	8010.352	"6158.496;6158.496;6223.096;6567.627;6782.959;6804.492;8204.150;7385.889;8204.150;8204.150;8139.551;8031.885;6718.359;7622.754;7428.955;7235.156;6632.227;6223.096;6180.029;5986.230;6244.629;6158.496;6180.029;6287.695;6180.029;6136.963;6180.029;6029.297;6180.029;6675.293;6739.893;6739.893;7558.154;7644.287;7795.020"	"6718.359;6804.492;8096.484;8182.617;8247.217;8247.217;8247.217;8268.750;8225.684;8225.684;8225.684;8118.018;8010.352;7902.686;7644.287;8031.885;8247.217;6481.494;8311.816;7493.555;7493.555;7235.156;7062.891;7321.289;7342.822;7256.689;7256.689;7105.957;7407.422;7622.754;7644.287;7708.887;7730.420;7881.152;7881.152"	"8139.551;8182.617;8225.684;8247.217;8268.750;8268.750;8290.283;8311.816;8247.217;8268.750;8247.217;8225.684;8247.217;8096.484;8268.750;8441.016;8441.016;8419.482;8441.016;8397.949;8397.949;8333.350;8441.016;8354.883;8333.350;8376.416;8333.350;8268.750;8311.816;8139.551;7665.820;7795.020;7859.619;7902.686;7902.686"	1.885	12	8441.016	116.328	"F"
"71"	71	"Spectrogram 1"	1	536.253753	536.6401913	4739.241	13245.57	6330.762	0.3265	6352.295	12683.057	8505.615	"7235.156;6976.758;6266.162;6266.162;6180.029;6180.029;6567.627;6395.361;6373.828;6416.895;6373.828;6373.828;6201.562;6158.496;6546.094;6718.359;6739.893;6782.959;7622.754;7644.287;7795.020"	"8247.217;8591.748;8871.680;8850.146;8871.680;8957.812;8850.146;8807.080;8419.482;8354.883;8591.748;8570.215;8548.682;8505.615;7644.287;7644.287;7644.287;7730.420;7859.619;7881.152;7881.152"	"8548.682;9345.410;12123.193;12747.656;12962.988;12984.521;12984.521;12919.922;12726.123;12704.590;12812.256;12532.324;12639.990;12596.924;11800.195;9560.742;8720.947;8570.215;7924.219;7924.219;7902.686"	-1.187	6	12984.521	245.713	"M"
"72"	72	"Spectrogram 1"	1	536.5039055	537.1318677	5893.671	8020.253	1744.189	0.5442	6158.496	7902.686	7601.221	"6373.828;6718.359;6739.893;6782.959;7622.754;7644.287;7795.020;6739.893;7838.086;6739.893;7665.820;7601.221;7472.021;7278.223;6998.291;6761.426;6330.762;6223.096;6180.029;6136.963;6136.963;6136.963;6136.963;6072.363;6115.430;6136.963;6158.496;6115.430;6115.430;6115.430;6158.496;6546.094;6136.963;6180.029;6136.963"	"7622.754;7622.754;7644.287;7708.887;7838.086;7881.152;7881.152;7881.152;7881.152;7859.619;7730.420;7708.887;7622.754;7428.955;7278.223;6976.758;6675.293;6287.695;6244.629;6201.562;6180.029;6158.496;6158.496;6180.029;6201.562;6244.629;6244.629;6632.227;6180.029;6201.562;7644.287;7342.822;6976.758;6653.760;6653.760"	"7665.820;7665.820;7751.953;7838.086;7902.686;7902.686;7902.686;7924.219;7924.219;7902.686;7859.619;7881.152;7881.152;7708.887;7859.619;7881.152;7795.020;7558.154;7472.021;7579.688;6826.025;6933.691;7170.557;7515.088;7127.490;6739.893;6847.559;7342.822;7062.891;7407.422;8010.352;7988.818;7924.219;7622.754;7838.086"	-1.641	7	8010.352	102.084	"F"
"73"	73	"Spectrogram 1"	1	536.93002	537.4130679	4496.203	13184.81	6309.229	0.3628	6416.895	12726.123	8527.148	"6115.430;6201.562;8247.217;8397.949;8419.482;8419.482;7342.822;6610.693;6266.162;6180.029;6330.762;6201.562;6395.361;6373.828;6782.959;6761.426;6955.225;7622.754;6782.959;7601.221;7579.688;7385.889;7278.223;6976.758;6739.893;6244.629"	"6223.096;8441.016;8591.748;8720.947;9043.945;9410.010;9625.342;9043.945;9065.479;8311.816;8548.682;8505.615;8484.082;7730.420;7687.354;7644.287;7708.887;7730.420;7730.420;7730.420;7644.287;7601.221;7385.889;7213.623;6976.758;6330.762"	"7838.086;8591.748;8979.346;10422.070;12553.857;12962.988;12984.521;13006.055;13006.055;12962.988;12962.988;12984.521;12919.922;12166.260;10874.268;8914.746;8979.346;7881.152;9560.742;7838.086;7751.953;7773.486;7708.887;7795.020;7751.953;7665.820"	0.095	13	13006.055	352.544	"M"
"74"	74	"Spectrogram 1"	1	537.1077153	537.7115251	5772.152	7898.734	1722.656	0.5442	6029.297	7751.953	7407.422	"6115.430;6136.963;6158.496;6201.562;6739.893;6761.426;6869.092;7601.221;6761.426;7601.221;7579.688;7385.889;7278.223;6976.758;6739.893;6244.629;6180.029;6029.297;5986.230;5943.164;5921.631;5900.098;5921.631;5921.631;6072.363;6007.764;5964.697;5943.164;6029.297;6804.492;7019.824;6266.162;6201.562"	"6653.760;6869.092;7192.090;7192.090;7687.354;7644.287;7708.887;7730.420;7730.420;7730.420;7644.287;7601.221;7385.889;7213.623;6976.758;6330.762;6223.096;6093.896;6050.830;6007.764;5943.164;6201.562;6029.297;6115.430;6739.893;6696.826;6395.361;6675.293;6739.893;7428.955;7385.889;7342.822;7342.822"	"7816.553;7730.420;7730.420;7751.953;7730.420;7730.420;7730.420;7751.953;7795.020;7773.486;7751.953;7751.953;7708.887;7773.486;7751.953;7665.820;7493.555;7170.557;7385.889;7149.023;6912.158;7450.488;7644.287;7170.557;7342.822;7687.354;7342.822;7493.555;7644.287;7472.021;7622.754;7601.221;7579.688"	1.261	11	7751.953	56.977	"F"
"75"	75	"Spectrogram 1"	1	537.5338298	537.9685729	4556.962	13245.57	6223.096	0.3447	6309.229	12532.324	8548.682	"5943.164;7084.424;8505.615;8505.615;8527.148;8527.148;7428.955;7342.822;6567.627;6373.828;6481.494;6653.760;7041.357;6459.961;6696.826;6718.359;6718.359;6826.025;6718.359;6718.359;6503.027;6266.162;6201.562;6223.096"	"6782.959;8527.148;8591.748;8634.814;9022.412;9043.945;9065.479;8548.682;8161.084;7644.287;7385.889;7407.422;7364.355;7299.756;7278.223;7213.623;7256.689;7019.824;6976.758;6912.158;6782.959;6330.762;6287.695;6244.629"	"8634.814;8613.281;8914.746;8979.346;11068.066;12596.924;12898.389;13049.121;12467.725;12769.189;12833.789;11692.529;10486.670;11046.533;11304.932;10680.469;10099.072;10895.801;9625.342;9022.412;8548.682;7235.156;7235.156;6546.094"	-5.625	8	8850.146	16.618	"M"
"76"	76	"Spectrogram 1"	1	537.5907632	538.3153349	5832.911	7716.456	1421.191	0.4172	6029.297	7450.488	7149.023	"5964.697;5943.164;6029.297;6804.492;6912.158;6266.162;6201.562;6395.361;6589.160;6869.092;6416.895;6546.094;6696.826;6696.826;6782.959;6696.826;6696.826;6481.494;6266.162;6201.562;6223.096;6115.430;6029.297;6007.764;6029.297;6007.764;5986.230;5964.697;5943.164;5943.164;5986.230;5964.697;5986.230;5964.697;6007.764;6007.764;5986.230;5986.230;6007.764;6696.826"	"6373.828;6653.760;6739.893;7428.955;7385.889;7342.822;7321.289;7342.822;7385.889;7364.355;7256.689;7256.689;7213.623;7235.156;7019.824;6955.225;6890.625;6761.426;6330.762;6287.695;6244.629;6244.629;6072.363;6050.830;6050.830;6029.297;6050.830;6007.764;6007.764;6007.764;6266.162;6050.830;6007.764;6072.363;6718.359;6696.826;6718.359;6546.094;6782.959;7493.555"	"7235.156;7364.355;7622.754;7472.021;7558.154;7601.221;7536.621;7536.621;7450.488;7428.955;7407.422;7407.422;7342.822;7342.822;7385.889;7385.889;7299.756;7299.756;6912.158;6955.225;6416.895;6933.691;6718.359;6739.893;6696.826;6524.561;6847.559;6675.293;6826.025;6869.092;6869.092;6933.691;6890.625;6998.291;6826.025;6976.758;6998.291;7062.891;7472.021;7536.621"	2.191	20	7515.088	51.042	"F"
"77"	77	"Spectrogram 1"	1	538.2100968	538.6448399	4313.924	13184.81	6373.828	0.2721	6287.695	12661.523	8548.682	"6007.764;6976.758;8397.949;8419.482;8397.949;7385.889;7342.822;6739.893;6653.760;6610.693;6739.893;6761.426;6567.627;6696.826;6696.826;6696.826;6266.162;6201.562;6180.029;6180.029;6180.029;6266.162;6201.562"	"6955.225;8419.482;8591.748;8957.812;8850.146;9302.344;8785.547;8462.549;7558.154;7407.422;7321.289;7278.223;7299.756;7149.023;6998.291;6912.158;6739.893;6309.229;6244.629;6266.162;6309.229;6567.627;6244.629"	"8527.148;8527.148;8850.146;10809.668;12618.457;12790.723;12984.521;13027.588;12790.723;12683.057;12381.592;12080.127;12230.859;11929.395;11412.598;11154.199;9776.074;9043.945;8871.680;8419.482;8376.416;8807.080;8441.016"	-5.611	4	8527.148	5.935	"M"
"78"	78	"Spectrogram 1"	1	538.2187254	538.87084	5954.43	7655.696	1227.393	0.4172	6201.562	7428.955	7192.09	"5986.230;5986.230;6007.764;6696.826;7364.355;6589.160;6567.627;6503.027;6503.027;6589.160;6610.693;6416.895;6610.693;6675.293;6675.293;6266.162;6201.562;6180.029;6180.029;6180.029;6266.162;6201.562;6158.496;6180.029;6201.562;6373.828;6223.096;6201.562;6373.828;6287.695;6459.961;6223.096;6567.627;6459.961;6395.361;6266.162"	"6718.359;6546.094;6782.959;7493.555;7407.422;7407.422;7385.889;7364.355;7321.289;7278.223;7235.156;7170.557;6976.758;6955.225;6847.559;6675.293;6309.229;6244.629;6266.162;6287.695;6546.094;6244.629;6244.629;6675.293;6632.227;6567.627;6567.627;6696.826;6653.760;6503.027;6546.094;6632.227;6696.826;6610.693;6610.693;6675.293"	"6998.291;7062.891;7472.021;7536.621;7450.488;7450.488;7450.488;7450.488;7407.422;7407.422;7407.422;7342.822;7342.822;7321.289;7299.756;7213.623;6998.291;6890.625;6869.092;6912.158;7019.824;6912.158;6998.291;6847.559;6761.426;6847.559;6847.559;6739.893;6804.492;6761.426;6847.559;6890.625;6847.559;6847.559;6826.025;6955.225"	-0.237	12	7515.088	51.042	"F"
"79"	79	"Spectrogram 1"	1	538.8949924	539.5229546	6379.747	7655.696	882.861	0.3991	6546.094	7428.955	6804.492	"6567.627;6546.094;6524.561;6567.627;6589.160;6718.359;6718.359;6718.359;6739.893;6589.160;6567.627;6567.627;6481.494;6481.494;6632.227;6481.494;6653.760;6653.760;6503.027;6546.094;6653.760;6546.094;6610.693;6632.227;6632.227;6675.293;6567.627;6675.293;6696.826;6632.227;6589.160;6653.760;6546.094;6675.293;6696.826"	"6739.893;6782.959;6761.426;6782.959;6804.492;7407.422;7364.355;7084.424;6998.291;6976.758;6955.225;6933.691;6804.492;6847.559;6761.426;6761.426;6761.426;6696.826;6546.094;6610.693;6696.826;6675.293;6675.293;6675.293;6675.293;6804.492;6804.492;6826.025;6869.092;6782.959;6761.426;6955.225;6761.426;6804.492;6826.025"	"6955.225;6976.758;6976.758;6976.758;7472.021;7450.488;7450.488;7299.756;7385.889;7493.555;7558.154;7536.621;7601.221;7515.088;7472.021;7299.756;7321.289;7127.490;6955.225;7105.957;6804.492;6955.225;6718.359;6739.893;6718.359;6976.758;6955.225;6890.625;6976.758;6933.691;6998.291;7019.824;6998.291;6955.225;6955.225"	0.105	14	7407.422	34.424	"F"
"80"	80	"Spectrogram 1"	1	538.9346686	539.4177165	4253.165	13367.089	6266.162	0.2902	6675.293	12941.455	8634.814	"6438.428;6610.693;8247.217;7601.221;7515.088;8290.283;7062.891;6933.691;6610.693;6546.094;6503.027;6567.627;6675.293;6481.494;6632.227;6653.760;6503.027;6546.094;6653.760;6546.094;6610.693;6632.227;6632.227;6675.293;6567.627;6675.293;6696.826"	"6739.893;8268.750;8333.350;8548.682;8634.814;9065.479;9087.012;9453.076;9237.744;8677.881;8742.480;8828.613;8311.816;8548.682;8484.082;6739.893;6696.826;6847.559;6696.826;6696.826;6675.293;6675.293;6675.293;6826.025;6847.559;6826.025;6912.158"	"7041.357;8311.816;8548.682;9043.945;11541.797;12596.924;12984.521;13113.721;13135.254;13006.055;13049.121;12962.988;12962.988;13092.188;12962.988;11929.395;11972.461;11563.330;9711.475;9711.475;9474.609;8268.750;8484.082;8634.814;8893.213;8527.148;8527.148"	0.685	10	13135.254	258.77	"M"
"81"	81	"Spectrogram 1"	1	539.635088	540.0939835	4253.165	13367.089	6093.896	0.1814	6847.559	12941.455	8893.213	"6589.160;6739.893;7881.152;8010.352;8139.551;8268.750;8225.684;6481.494;6481.494;6481.494;6481.494;6589.160;6395.361;6675.293;6546.094;6567.627;6632.227;6653.760;6718.359;6524.561;6395.361;6653.760;6653.760;6696.826;6632.227"	"6782.959;7601.221;8010.352;8397.949;8979.346;9065.479;10142.139;8871.680;9388.477;9410.010;8699.414;8807.080;8570.215;8634.814;8699.414;8505.615;7751.953;7062.891;7149.023;7472.021;7170.557;7105.957;6998.291;6761.426;7127.490"	"7062.891;8010.352;8268.750;8979.346;11068.066;12683.057;13092.188;13092.188;12984.521;13006.055;12898.389;12941.455;12898.389;12919.922;12876.855;12962.988;11735.596;11498.730;11261.865;11907.861;11434.131;11498.730;9043.945;8462.549;8828.613"	1.088	10	12984.521	244.526	"M"
"82"	82	"Spectrogram 1"	1	539.8127833	540.658117	6622.785	8141.772	1270.459	0.6712	6696.826	7967.285	7256.689	"6675.293;6782.959;6761.426;6761.426;6675.293;6675.293;6675.293;6696.826;6739.893;6675.293;6675.293;6696.826;6696.826;6696.826;6696.826;6696.826;6782.959;6890.625;6718.359;6718.359;6718.359;6718.359;6761.426;6890.625;6739.893;6696.826;6782.959;6933.691;6718.359;6739.893;6739.893;6675.293;6739.893;6675.293;6718.359;6739.893;6696.826;6739.893;6696.826;6696.826;6653.760;6696.826;6653.760;6696.826;6696.826;6675.293"	"7321.289;7299.756;7084.424;7105.957;7105.957;6890.625;6761.426;7041.357;7062.891;7062.891;7062.891;6998.291;6761.426;6782.959;7105.957;7105.957;7256.689;7278.223;7192.090;7299.756;7364.355;7385.889;7385.889;7428.955;7428.955;7428.955;7428.955;7536.621;7428.955;7385.889;7601.221;7515.088;7579.688;7665.820;7708.887;7708.887;7687.354;7751.953;6761.426;6826.025;6782.959;6912.158;6782.959;6869.092;6761.426;6718.359"	"8118.018;8139.551;8096.484;8118.018;8074.951;8096.484;7967.285;7838.086;8010.352;8096.484;8074.951;7256.689;7256.689;7278.223;7299.756;7708.887;7321.289;7321.289;7278.223;7342.822;7407.422;7450.488;7450.488;7472.021;7472.021;7493.555;7536.621;7644.287;7644.287;7622.754;7687.354;7708.887;7751.953;7773.486;7859.619;7945.752;7945.752;7967.285;7967.285;7967.285;7924.219;7838.086;7967.285;7945.752;7644.287;6976.758"	-0.053	21	8139.551	75.969	"F"
"83"	83	"Spectrogram 1"	1	540.6098122	541.3102316	8020.253	9417.722	689.062	0.3991	8376.416	9065.479	8570.215	"8268.750;8247.217;8247.217;8268.750;8311.816;8311.816;8290.283;8333.350;8333.350;8376.416;8354.883;8441.016;8419.482;8441.016;8441.016;8462.549;8441.016;8484.082;8505.615;8548.682;8548.682;8548.682;8484.082;8570.215;8548.682;8527.148;8656.348;8634.814;8591.748;8570.215;8570.215;8591.748;8484.082;8570.215;8505.615;8527.148;8247.217;8225.684"	"8354.883;8333.350;8311.816;8333.350;8354.883;8376.416;8397.949;8462.549;8462.549;8462.549;8462.549;8484.082;8484.082;8484.082;8484.082;8484.082;8462.549;8570.215;8570.215;8591.748;8591.748;8591.748;8591.748;8591.748;8613.281;8677.881;9022.412;9087.012;8936.279;8613.281;8764.014;8828.613;8871.680;8699.414;8613.281;8634.814;8742.480;8613.281"	"8441.016;8397.949;8376.416;8376.416;8397.949;8419.482;8462.549;8505.615;8484.082;8484.082;8505.615;8527.148;8505.615;8505.615;8505.615;8527.148;8613.281;8613.281;8613.281;8613.281;8613.281;8613.281;8634.814;8677.881;8742.480;8914.746;9108.545;9108.545;9108.545;8979.346;9108.545;9108.545;9087.012;9108.545;9108.545;9087.012;9065.479;9087.012"	0.385	11	9087.012	15.431	"F"
"84"	84	"Spectrogram 1"	1	541.2377745	541.7208223	9539.241	10693.671	796.729	0.3991	9668.408	10465.137	9948.34	"9603.809;9840.674;9862.207;9905.273;9862.207;9819.141;9819.141;9819.141;9819.141;9819.141;9840.674;9905.273;9905.273;9926.807;9883.740;9862.207;9883.740;9883.740;9883.740;9883.740;9862.207;9883.740;9840.674;9840.674;9582.275;9582.275;9582.275"	"10034.473;9905.273;9948.340;9948.340;9948.340;9926.807;9862.207;9862.207;9905.273;9926.807;9926.807;9969.873;9991.406;10120.605;10077.539;10056.006;9991.406;9969.873;9969.873;10034.473;10034.473;9948.340;10012.939;10099.072;10012.939;10228.271;9948.340"	"10680.469;9948.340;9969.873;9991.406;9969.873;9948.340;9948.340;9969.873;9969.873;9969.873;10012.939;10034.473;10228.271;10292.871;10443.604;10443.604;10400.537;10422.070;10443.604;10379.004;10335.938;10292.871;10400.537;10292.871;10335.938;10637.402;10486.670"	0.137	11	10465.137	24.927	"F"
"85"	85	"Spectrogram 1"	1	541.5914318	542.0261749	4131.646	13853.165	6287.695	0.127	6933.691	13221.387	9022.412	"6653.760;6589.160;6158.496;6761.426;7751.953;7838.086;7902.686;6546.094;6653.760;6739.893;6610.693;6589.160;6395.361;6589.160;6503.027;6416.895;6438.428;6675.293;6546.094;6373.828;6610.693;6395.361;6503.027;6589.160"	"6869.092;6826.025;6933.691;7988.818;8893.213;10852.734;10465.137;9969.873;9625.342;9517.676;8742.480;9366.943;8764.014;8893.213;8720.947;8742.480;8570.215;7816.553;8053.418;7687.354;7644.287;8311.816;7364.355;6782.959"	"10228.271;10206.738;12704.590;8311.816;10056.006;12747.656;13565.918;13501.318;13544.385;13393.652;13436.719;13565.918;13285.986;13135.254;13049.121;13544.385;12532.324;12704.590;12252.393;12295.459;11735.596;13049.121;11111.133;9926.807"	0.103	14	13587.451	281.323	"M"
"86"	86	"Spectrogram 1"	1	542.2676988	542.7748991	4556.962	14096.203	6459.961	0.1814	6933.691	13393.652	8634.814	"6524.561;6567.627;6481.494;6933.691;7321.289;7515.088;7536.621;7019.824;6503.027;6653.760;6653.760;6739.893;6675.293;6546.094;6546.094;6589.160;6524.561;6438.428;6653.760;6546.094;6567.627;6610.693;6589.160;6503.027;6416.895;6459.961;6610.693;6503.027"	"6826.025;6826.025;7407.422;7751.953;8204.150;8548.682;9022.412;9496.143;9151.611;9000.879;9216.211;8914.746;8570.215;8462.549;8290.283;8247.217;8354.883;8247.217;7816.553;8010.352;7364.355;6955.225;7579.688;6826.025;7062.891;7127.490;6782.959;6869.092"	"8333.350;8139.551;13501.318;8764.014;10163.672;12403.125;13759.717;13759.717;13673.584;13673.584;13781.250;13781.250;13242.920;13070.654;12876.855;12876.855;12855.322;13113.721;12123.193;12166.260;12037.061;11929.395;11757.129;10680.469;11003.467;10874.268;9668.408;9668.408"	0.044	12	8677.881	74.782	"M"
