"Selection"	"View"	"Channel"	"Begin.Time..s."	"End.Time..s."	"Low.Freq..Hz."	"High.Freq..Hz."	"BW.90...Hz."	"Dur.90...s."	"Freq.5...Hz."	"Freq.95...Hz."	"Center.Freq..Hz."	"Freq.Contour..5...Hz."	"Freq.Contour.50...Hz."	"Freq.Contour.95...Hz."	"PFC.Avg.Slope..Hz.ms."	"PFC.Num.Inf.Pts"	"PFC.Max.Freq..Hz."	"PFC.Max.Slope..Hz.ms."	"Sex"
"1"	1	"Spectrogram 1"	1	131.228822	131.473667	5253.1	10476.8	1787.256	0.127	5943.164	7730.42	7019.824	"5555.566;5469.434;5835.498;5835.498;6266.162;6266.162;6180.029;6050.830;6180.029;5964.697;6158.496;6029.297;6266.162;6201.562"	"7472.021;7428.955;6244.629;6244.629;7084.424;7041.357;6955.225;6782.959;7084.424;6976.758;6847.559;7062.891;6912.158;7256.689"	"9711.475;9905.273;7170.557;7170.557;7601.221;7407.422;9065.479;8914.746;8570.215;9000.879;8764.014;8828.613;8957.812;9668.408"	-2.283	7	7708.887	48.668	"M"
"2"	2	"Spectrogram 1"	1	131.9633571	132.2606689	5238.4	10598.6	2045.654	0.127	6072.363	8118.018	6933.691	"5835.498;6007.764;6352.295;6180.029;6201.562;6180.029;6223.096;6180.029;6180.029;6158.496;6223.096;6029.297;5900.098;5943.164;6180.029;5835.498"	"6309.229;6912.158;7019.824;6933.691;6847.559;6912.158;6933.691;6955.225;6976.758;7019.824;6998.291;7062.891;7170.557;7192.090;7170.557;7213.623"	"7170.557;7579.688;7773.486;9237.744;9151.611;9151.611;9173.145;8807.080;9000.879;9237.744;9173.145;9323.877;9711.475;9582.275;9345.410;9862.207"	3.798	8	7342.822	40.359	"M"
"3"	3	"Spectrogram 1"	1	132.7153811	133.0301819	5123.4	10441.3	1550.391	0.1633	6115.43	7665.82	6890.625	"5404.834;5254.102;6007.764;6029.297;6180.029;6309.229;6115.430;6115.430;6223.096;5620.166;6093.896;6136.963;6136.963;6029.297;6115.430;6136.963;5964.697;6180.029"	"7213.623;7041.357;6653.760;6653.760;6955.225;6955.225;6869.092;6890.625;6847.559;6912.158;7041.357;6804.492;6976.758;7062.891;7192.090;7278.223;7321.289;7795.020"	"9883.740;9711.475;7149.023;7127.490;7428.955;7472.021;7601.221;7601.221;7708.887;9022.412;7945.752;8096.484;8333.350;8742.480;9108.545;9948.340;9668.408;9840.674"	3.072	9	7945.752	55.79	"M"
"4"	4	"Spectrogram 1"	1	133.4674052	133.7472281	4669.4	10441.3	2411.719	0.1451	5577.1	7988.818	6998.291	"5124.902;5060.303;5275.635;6050.830;6029.297;6244.629;5663.232;6072.363;5598.633;5684.766;5447.900;5383.301;5232.568;6050.830;5167.969"	"7924.219;5878.564;6675.293;6761.426;6976.758;7149.023;7041.357;7235.156;7019.824;7170.557;6998.291;7041.357;7084.424;7278.223;7493.555"	"9948.340;8548.682;7428.955;7428.955;8053.418;8871.680;7708.887;8031.885;8031.885;9000.879;9043.945;8613.281;8850.146;9065.479;9539.209"	-9.835	6	9625.342	80.717	"M"
"5"	5	"Spectrogram 1"	1	134.1669625	134.4462109	4539.7	10765.6	1658.057	0.1451	6029.297	7687.354	7062.891	"5060.303;4780.371;4844.971;5921.631;6072.363;6223.096;6201.562;6115.430;6029.297;6072.363;6050.830;6007.764;6072.363;5921.631;5663.232;5921.631"	"7493.555;7579.688;5986.230;6610.693;7278.223;7278.223;7235.156;7019.824;7062.891;7105.957;7127.490;7127.490;7127.490;7062.891;7278.223;7321.289"	"10249.805;10249.805;9237.744;7105.957;7622.754;7708.887;7665.820;7665.820;8074.951;7730.420;8914.746;8957.812;9194.678;9216.211;9517.676;9453.076"	8.942	6	9194.678	121.076	"M"
"6"	6	"Spectrogram 1"	1	134.8840087	135.195732	4604.6	10571	2411.719	0.1451	5318.701	7730.42	7105.957	"5038.770;5038.770;5211.035;6352.295;5555.566;6136.963;5534.033;5490.967;5598.633;5404.834;5340.234;5383.301;5211.035;5017.236;4737.305;4715.771;4823.438"	"5340.234;5297.168;6223.096;7364.355;7127.490;7170.557;7149.023;6998.291;7041.357;6933.691;6976.758;7213.623;7235.156;7084.424;6589.160;6653.760;6136.963"	"9022.412;8677.881;6890.625;7708.887;7967.285;7751.953;8053.418;8074.951;8807.080;7924.219;8247.217;8333.350;9022.412;8742.480;8397.949;8591.748;8527.148"	0.371	8	7385.889	117.515	"M"
"7"	7	"Spectrogram 1"	1	135.6884995	136.0382781	4604.6	10635.9	2454.785	0.1451	5254.102	7708.887	7062.891	"4995.703;4909.570;5211.035;5275.635;5490.967;5469.434;5211.035;5404.834;6136.963;5361.768;5297.168;5706.299;5167.969;5167.969;5447.900;5318.701;5103.369;5146.436;5124.902;5038.770"	"7902.686;5297.168;6373.828;6912.158;7235.156;7105.957;7062.891;7062.891;7127.490;6826.025;7062.891;6976.758;7105.957;6976.758;7192.090;6998.291;7127.490;7192.090;6955.225;7127.490"	"9711.475;8505.615;7084.424;7622.754;7687.354;7924.219;7924.219;7945.752;7751.953;8031.885;8118.018;7730.420;8139.551;8720.947;8936.279;8613.281;8807.080;8957.812;8699.414;9043.945"	-4.686	11	8462.549	61.725	"M"
"8"	8	"Spectrogram 1"	1	136.6808942	136.9862546	4345.1	10311.6	2605.518	0.1451	5081.836	7687.354	6976.758	"5254.102;5124.902;4780.371;4909.570;6287.695;6050.830;5275.635;5038.770;5081.836;5555.566;5124.902;5189.502;5017.236;4952.637;5038.770;4715.771;4974.170"	"7945.752;7859.619;4909.570;6244.629;7192.090;7105.957;7149.023;6976.758;6955.225;6912.158;7084.424;6933.691;7127.490;6826.025;6998.291;6847.559;6782.959"	"9259.277;9560.742;8979.346;7105.957;7536.621;7665.820;7751.953;7708.887;7945.752;7644.287;8010.352;7902.686;8290.283;8893.213;8828.613;9108.545;9539.209"	-4.822	9	9108.545	77.156	"M"
"9"	9	"Spectrogram 1"	1	137.2777351	137.6386156	4345.1	11219.6	2713.184	0.1633	5211.035	7924.219	7041.357	"4371.240;4392.773;4866.504;5167.969;5361.768;5404.834;5318.701;5383.301;5297.168;5146.436;4780.371;4888.037;4801.904;5081.836;4715.771;4435.840;4694.238;4844.971;4457.373;4457.373"	"6998.291;7321.289;5146.436;5447.900;7299.756;7192.090;7019.824;7278.223;7213.623;7084.424;7213.623;7170.557;7256.689;7235.156;6998.291;7192.090;7127.490;7170.557;6955.225;6955.225"	"9539.209;10637.402;8225.684;6847.559;7881.152;8182.617;8074.951;7816.553;8570.215;8204.150;8268.750;8570.215;8785.547;8634.814;8871.680;8979.346;8699.414;8720.947;9130.078;8807.080"	9.371	6	7601.221	96.148	"M"
"10"	10	"Spectrogram 1"	1	137.9270828	138.2354565	4572.1	10960.1	2863.916	0.1451	5232.568	8096.484	7019.824	"4909.570;5189.502;5275.635;5404.834;5383.301;5404.834;5447.900;5232.568;5361.768;5275.635;5383.301;5383.301;5447.900;5254.102;5361.768;5189.502;5383.301"	"5232.568;5555.566;6739.893;7342.822;7278.223;7256.689;7105.957;7192.090;7299.756;7256.689;7385.889;7428.955;7256.689;7149.023;7364.355;7149.023;7213.623"	"5555.566;7192.090;7902.686;8096.484;8376.416;8376.416;8354.883;8290.283;8656.348;8354.883;8161.084;8914.746;8484.082;8376.416;8828.613;8893.213;10917.334"	19.734	10	10938.867	212.476	"M"
"11"	11	"Spectrogram 1"	1	138.0443349	138.52663	5421.1	13156.9	4888.037	0.2902	8096.484	12984.521	10422.07	"5555.566;5813.965;6653.760;7838.086;12812.256;12510.791;12553.857;12187.793;11714.062;11541.797;11068.066;10852.734;10637.402;10249.805;9969.873;9539.209;8785.547;7213.623;6826.025;7385.889;7062.891;7493.555;7149.023;7472.021;7278.223;7256.689;7342.822"	"7127.490;7278.223;12467.725;12984.521;13006.055;12941.455;12919.922;12618.457;11950.928;11606.396;11347.998;11003.467;11025.000;10465.137;10120.605;9840.674;9560.742;8613.281;9453.076;9474.609;9453.076;9625.342;9582.275;9560.742;9625.342;9474.609;9496.143"	"8462.549;12080.127;12919.922;13049.121;13049.121;13006.055;13006.055;13006.055;12790.723;12726.123;12769.189;12209.326;11843.262;11412.598;11068.066;11111.133;10917.334;10551.270;10766.602;10895.801;11046.533;10874.268;10809.668;10637.402;10874.268;10831.201;11003.467"	3.607	10	13006.055	289.632	"F"
"12"	12	"Spectrogram 1"	1	138.7756626	138.9979755	4755.9	11601.5	3574.512	0.1451	5426.367	9000.879	7450.488	"5232.568;5447.900;5447.900;5534.033;5534.033;5404.834;5361.768;5490.967;5534.033;5534.033;5383.301;5447.900"	"5598.633;7536.621;7622.754;7622.754;7773.486;7558.154;7149.023;7687.354;7687.354;7644.287;7536.621;7450.488"	"6955.225;8376.416;9345.410;9539.209;9216.211;9151.611;9216.211;9366.943;9173.145;9043.945;9087.012;8936.279"	13.165	6	8354.883	148.377	"M"
"13"	13	"Spectrogram 1"	1	139.3314448	139.5259685	3747.1	11601.5	3552.979	0.1451	5232.568	8785.547	7342.822	"5275.635;5361.768;5404.834;5275.635;5275.635;5361.768;5361.768;5275.635;5340.234;5232.568;5340.234"	"6503.027;7407.422;7622.754;7493.555;7536.621;7278.223;7385.889;7622.754;7278.223;7687.354;7665.820"	"8053.418;8527.148;9108.545;9194.678;9216.211;8742.480;9087.012;8828.613;8936.279;8591.748;8527.148"	11.989	3	8031.885	127.011	"M"
"14"	14	"Spectrogram 1"	1	139.9011215	140.1095398	4323.5	11601.5	5318.701	0.1633	6050.83	11369.531	10486.67	"5383.301;5490.967;5620.166;5469.434;5555.566;5641.699;5749.365;11197.266;10702.002;10422.070;10206.738"	"5770.898;7213.623;7924.219;7235.156;7687.354;7493.555;7708.887;11326.465;10981.934;10508.203;10400.537"	"7041.357;8419.482;11347.998;10486.670;10335.938;10551.270;11434.131;11455.664;11455.664;11068.066;11089.600"	25.64	3	11304.932	197.045	"M"
"15"	15	"Spectrogram 1"	1	139.9240493	140.3816114	5238.4	12730.5	5017.236	0.2358	7149.023	12166.26	10056.006	"5620.166;5620.166;5534.033;5770.898;6395.361;7751.953;11218.799;10745.068;10422.070;10206.738;9862.207;9496.143;9108.545;8527.148;6912.158;6395.361;6718.359;6826.025;6567.627;6696.826;6739.893;6610.693;6739.893;6804.492;6696.826"	"7235.156;7988.818;8074.951;12403.125;12252.393;12101.660;11347.998;11154.199;10529.736;10400.537;10185.205;9926.807;9517.676;8936.279;8484.082;8742.480;9108.545;8807.080;8893.213;9237.744;9194.678;9345.410;8764.014;9000.879;9065.479"	"8419.482;12101.660;12575.391;12596.924;12596.924;12575.391;12424.658;12467.725;11907.861;11455.664;11670.996;11025.000;10637.402;10314.404;10335.938;10508.203;10379.004;10572.803;10486.670;10314.404;10357.471;10486.670;10486.670;10314.404;10529.736"	8.408	8	12553.857	360.853	"F"
"16"	16	"Spectrogram 1"	1	140.4846928	140.6792166	4755.9	10304.4	3466.846	0.1088	5663.232	9130.078	7127.49	"5447.900;5620.166;5857.031;5857.031;5835.498;5727.832;5813.965;5835.498;5900.098;5835.498"	"6158.496;6266.162;6503.027;7838.086;7622.754;7902.686;7687.354;7665.820;7773.486;7493.555"	"7127.490;8139.551;8225.684;9259.277;9625.342;9431.543;9323.877;9754.541;9496.143;9280.811"	5.671	5	8333.35	137.694	"M"
"17"	17	"Spectrogram 1"	1	141.0335277	141.241946	4791.9	10916.9	3294.58	0.1088	5749.365	9043.945	7127.49	"5512.500;5383.301;5835.498;5986.230;5986.230;5878.564;6029.297;5792.432;5943.164;5878.564;5921.631"	"8053.418;5684.766;6223.096;7407.422;7881.152;7321.289;7751.953;7601.221;7751.953;7708.887;7558.154"	"10529.736;6050.830;7213.623;8441.016;9410.010;9517.676;10163.672;9625.342;9560.742;9711.475;9453.076"	-11.633	6	8161.084	99.709	"M"
"18"	18	"Spectrogram 1"	1	141.1359704	141.5564329	5055.7	12791.4	4177.441	0.2358	7428.955	11606.396	9840.674	"6029.297;5813.965;6158.496;6503.027;7751.953;10637.402;10400.537;10271.338;9926.807;9776.074;9496.143;9043.945;8354.883;7062.891;6632.227;6696.826;6826.025;6696.826;6804.492;6912.158;6761.426;6847.559;6847.559"	"8031.885;8376.416;12316.992;11993.994;11455.664;10960.400;10658.936;10443.604;10120.605;9883.740;9905.273;9582.275;8785.547;8807.080;8742.480;8914.746;9173.145;8807.080;8742.480;9194.678;8742.480;8893.213;9000.879"	"11175.732;12639.990;12618.457;12618.457;12575.391;12273.926;12144.727;11757.129;11240.332;10508.203;10831.201;10594.336;10271.338;10228.271;10400.537;10249.805;10249.805;10206.738;10357.471;10335.938;10357.471;10163.672;10185.205"	4.694	10	12618.457	251.648	"F"
"19"	19	"Spectrogram 1"	1	141.6246215	141.8052507	5116.2	10160.3	3208.447	0.1088	5986.23	9194.678	6826.025	"5749.365;6072.363;6201.562;6093.896;6050.830;6201.562;6072.363;6093.896;6180.029;6072.363"	"6352.295;6373.828;7407.422;7881.152;7364.355;7751.953;7601.221;7515.088;7407.422;7428.955"	"6696.826;6696.826;8462.549;9582.275;9646.875;9668.408;9819.141;9711.475;9646.875;9689.941"	2.242	5	8376.416	104.458	"M"
"20"	20	"Spectrogram 1"	1	142.1109309	142.2776655	5404.4	9872.1	3660.645	0.127	6201.562	9862.207	7924.219	"5534.033;5900.098;5986.230;6330.762;6373.828;6158.496;6093.896;6115.430;6782.959;8225.684"	"5964.697;6373.828;6395.361;7364.355;8204.150;7924.219;7708.887;7558.154;9840.674;9754.541"	"7213.623;6847.559;6847.559;8354.883;9517.676;9496.143;9280.811;9323.877;9862.207;9840.674"	22.685	5	9862.207	181.614	"M"
"21"	21	"Spectrogram 1"	1	142.1129273	142.5333897	5543	12426	4457.373	0.254	6481.494	10938.867	9646.875	"5620.166;5943.164;5986.230;6330.762;6416.895;6546.094;7105.957;6782.959;8720.947;9668.408;8527.148;9108.545;8634.814;8053.418;6933.691;7170.557;6933.691;6739.893;6933.691;6739.893;6653.760;6761.426;6761.426;7019.824"	"6050.830;6373.828;6395.361;7385.889;8957.812;10615.869;10422.070;10379.004;9905.273;9819.141;9733.008;9711.475;9151.611;9065.479;9130.078;9388.477;9108.545;8484.082;8548.682;8720.947;8548.682;8613.281;8893.213;9087.012"	"11347.998;6976.758;6933.691;10831.201;11627.930;11670.996;11369.531;11326.465;10702.002;10486.670;10529.736;10508.203;10099.072;10271.338;9969.873;9883.740;10099.072;10077.539;10163.672;9991.406;10056.006;9991.406;9819.141;10012.939"	4.49	7	11283.398	243.339	"F"
"22"	22	"Spectrogram 1"	1	142.6111348	142.8195532	5404.4	9727.9	3143.848	0.127	6223.096	9366.943	7472.021	"5921.631;6201.562;6416.895;6395.361;6546.094;6180.029;6136.963;6136.963;6158.496;6287.695;6093.896"	"6395.361;6869.092;7019.824;7945.752;8376.416;7751.953;7708.887;7579.688;7493.555;7665.820;7407.422"	"6912.158;7838.086;7881.152;9000.879;9625.342;9560.742;9582.275;9496.143;9431.543;9603.809;9345.410"	2.137	5	9625.342	83.091	"M"
"23"	23	"Spectrogram 1"	1	143.1022506	143.4608804	5847.5	12243.2	3746.777	0.2177	6804.492	10551.27	9711.475	"5900.098;6007.764;6201.562;6287.695;6912.158;6739.893;6782.959;7751.953;8096.484;7644.287;7816.553;8720.947;7967.285;7149.023;7256.689;7084.424;6696.826;6761.426;6632.227;6761.426"	"6201.562;6804.492;6826.025;7708.887;8118.018;9043.945;10056.006;9905.273;9797.607;9862.207;9646.875;9625.342;9280.811;9302.344;9065.479;9194.678;9108.545;9194.678;9173.145;9130.078"	"11498.730;11498.730;11498.730;11175.732;11347.998;11046.533;10745.068;10314.404;10249.805;10486.670;10314.404;10292.871;10271.338;9840.674;10077.539;10077.539;10099.072;9926.807;10163.672;10163.672"	10.058	10	10422.07	144.816	"F"
"24"	24	"Spectrogram 1"	1	143.1113388	143.291968	5260.3	9655.9	3014.648	0.1088	6223.096	9237.744	7687.354	"5964.697;6115.430;6266.162;6503.027;6546.094;6416.895;6158.496;6201.562;6309.229"	"6567.627;6804.492;7601.221;7795.020;8397.949;7730.420;7622.754;7859.619;8570.215"	"7278.223;7299.756;8182.617;9065.479;9560.742;9065.479;9453.076;9474.609;9625.342"	20.921	4	9603.809	73.595	"M"
"25"	25	"Spectrogram 1"	1	143.6115428	143.7782774	5620.6	9800	3036.182	0.127	6330.762	9366.943	7795.02	"6244.629;6416.895;6524.561;6653.760;6416.895;6266.162;6266.162;6266.162;6330.762"	"6890.625;7665.820;7902.686;8419.482;7988.818;7838.086;7859.619;7902.686;7838.086"	"7838.086;8548.682;8699.414;9603.809;9517.676;9431.543;9625.342;9280.811;9366.943"	8.606	3	9625.342	173.305	"M"
"26"	26	"Spectrogram 1"	1	144.0631158	144.2993232	5512.5	9764	3359.18	0.1814	6352.295	9711.475	7859.619	"5835.498;6158.496;6287.695;6438.428;6459.961;6675.293;6546.094;6266.162;6309.229;6244.629;6309.229;6826.025;7256.689"	"6050.830;6524.561;6976.758;7622.754;7945.752;8548.682;7924.219;7515.088;8139.551;7708.887;7708.887;9733.008;9689.941"	"6933.691;6955.225;7881.152;8656.348;8850.146;9517.676;9237.744;9410.010;9646.875;9625.342;9733.008;9754.541;9733.008"	17.212	5	9754.541	113.954	"M"
"27"	27	"Spectrogram 1"	1	144.1185457	144.5513747	5847.5	11938.7	3552.979	0.2902	6847.559	10400.537	9582.275	"6438.428;6459.961;6675.293;6567.627;6395.361;6610.693;7342.822;9646.875;7902.686;8591.748;8591.748;9108.545;8505.615;7730.420;6847.559;6933.691;6976.758;6782.959;6739.893;6718.359;6761.426;6912.158;6718.359;6696.826"	"7622.754;7945.752;8548.682;7945.752;8376.416;10185.205;10056.006;9883.740;9797.607;9819.141;9754.541;9560.742;9474.609;9151.611;9130.078;9194.678;9108.545;9108.545;9065.479;8850.146;8871.680;9259.277;8914.746;8441.016"	"8677.881;8914.746;9668.408;11046.533;10874.268;10702.002;10809.668;10185.205;10615.869;10400.537;10228.271;10077.539;10056.006;10099.072;10012.939;10034.473;9991.406;9948.340;10012.939;9926.807;10012.939;9948.340;10012.939;9926.807"	1.961	15	10422.07	136.507	"F"
"28"	28	"Spectrogram 1"	1	144.6119507	144.8064745	5692.6	9872.1	2928.516	0.127	6546.094	9474.609	7924.219	"6481.494;6610.693;6912.158;7256.689;7062.891;6481.494;6395.361;6416.895;6546.094;6373.828;6459.961"	"6912.158;7838.086;7902.686;8807.080;8591.748;7859.619;7687.354;7967.285;7967.285;7967.285;8118.018"	"7665.820;8247.217;8268.750;9323.877;9625.342;9668.408;9646.875;9646.875;9366.943;9646.875;9496.143"	11.277	4	9668.408	83.091	"M"
"29"	29	"Spectrogram 1"	1	145.083136	145.5035985	5786.6	11816.9	3725.244	0.2177	6589.16	10314.404	9453.076	"8010.352;5878.564;6266.162;6352.295;6567.627;6739.893;7235.156;6890.625;6589.160;6826.025;7299.756;8225.684;7299.756;6826.025;6976.758;6804.492;6912.158;6782.959;6761.426;7084.424;6890.625;6675.293;6610.693"	"10529.736;10745.068;6546.094;7127.490;7622.754;8290.283;9948.340;9668.408;9711.475;9560.742;9625.342;9474.609;9453.076;9280.811;9366.943;9216.211;9366.943;9022.412;9323.877;9194.678;9216.211;9130.078;9043.945"	"11326.465;11563.330;11154.199;10745.068;10658.936;10314.404;10379.004;10099.072;10292.871;10206.738;9991.406;10034.473;9991.406;9948.340;9926.807;9883.740;9905.273;10034.473;9905.273;9948.340;9883.740;9883.740;9862.207"	-4.532	8	11154.199	206.541	"F"
"30"	30	"Spectrogram 1"	1	145.1121547	145.2927839	5476.5	9800	3208.447	0.1451	6503.027	9711.475	8010.352	"6223.096;6309.229;6481.494;6718.359;6610.693;6567.627;6503.027;6718.359;7105.957;7924.219"	"6546.094;6847.559;7062.891;7881.152;8979.346;7795.020;9388.477;9517.676;9496.143;9453.076"	"6761.426;7665.820;7730.420;8850.146;9711.475;9668.408;9797.607;9733.008;9797.607;9689.941"	17.937	1	9797.607	130.572	"M"
"31"	31	"Spectrogram 1"	1	145.6262532	145.820777	5440.4	9836	2648.584	0.1088	6503.027	9151.611	7342.822	"6266.162;6266.162;6524.561;6739.893;6826.025;6933.691;6330.762;6330.762;6287.695;6244.629;6524.561"	"6546.094;6546.094;6933.691;7622.754;8053.418;8225.684;7084.424;7278.223;7278.223;7235.156;7385.889"	"6632.227;6632.227;7149.023;8031.885;9216.211;9539.209;9130.078;9366.943;9366.943;9431.543;9216.211"	3.205	4	9000.879	100.897	"M"
"32"	32	"Spectrogram 1"	1	146.0353598	146.4681887	5664.8	11877.8	2217.92	0.2177	8182.617	10400.537	9883.74	"6546.094;7364.355;10615.869;10335.938;10163.672;10142.139;9991.406;9840.674;9733.008;9582.275;9345.410;9173.145;8613.281;7472.021;6309.229;6890.625;7105.957;6890.625;7278.223;6998.291;6933.691;6955.225;7019.824;6201.562"	"7945.752;10594.336;11046.533;10465.137;10228.271;10185.205;10077.539;9948.340;9840.674;9819.141;9733.008;9474.609;9345.410;8914.746;8807.080;9237.744;9302.344;8871.680;9130.078;9130.078;9173.145;9259.277;9108.545;7665.820"	"9345.410;11477.197;11649.463;10766.602;10465.137;10335.938;10249.805;10292.871;10185.205;10185.205;10185.205;10185.205;10034.473;9991.406;10012.939;9862.207;10077.539;9862.207;9948.340;10163.672;9991.406;10034.473;10163.672;9883.740"	-4.129	7	11046.533	138.881	"F"
"33"	33	"Spectrogram 1"	1	146.4599265	146.6544503	5332.4	9800	2734.717	0.127	6589.16	9323.877	7816.553	"6395.361;6524.561;6890.625;7105.957;6955.225;6976.758;6007.764;6567.627;6503.027;6546.094;6610.693"	"6761.426;7084.424;7773.486;7859.619;8893.213;8225.684;7213.623;7751.953;7730.420;7364.355;7644.287"	"8204.150;7708.887;8354.883;8419.482;9496.143;9474.609;9151.611;9043.945;9388.477;9216.211;9366.943"	0.356	5	9000.879	66.473	"M"
"34"	34	"Spectrogram 1"	1	146.7649857	147.2225478	6213	10233.1	2777.783	0.2358	6826.025	9603.809	9087.012	"6503.027;6653.760;9711.475;9625.342;9539.209;9517.676;9517.676;9453.076;9280.811;9194.678;6632.227;6761.426;6890.625;7041.357;6739.893;6890.625;6481.494;6653.760;6804.492;6675.293;6610.693;6653.760;6739.893;6826.025;6847.559"	"7558.154;9474.609;9819.141;9689.941;9582.275;9539.209;9539.209;9517.676;9388.477;9323.877;9087.012;8936.279;8441.016;8182.617;8850.146;8225.684;7558.154;7988.818;8634.814;8161.084;8527.148;8527.148;8096.484;8419.482;7902.686"	"9345.410;9969.873;9991.406;9819.141;9776.074;9625.342;9625.342;9689.941;9582.275;9560.742;9517.676;9539.209;9388.477;9410.010;9431.543;9453.076;9474.609;9323.877;9345.410;9474.609;9453.076;9388.477;9474.609;9453.076;9410.010"	1.929	9	9840.674	140.068	"F"
"35"	35	"Spectrogram 1"	1	147.3190783	147.7737906	6456.6	9075.8	1959.521	0.2358	6933.691	8893.213	8548.682	"6546.094;6869.092;6890.625;7019.824;7127.490;7127.490;7493.555;6782.959;6632.227;6869.092;8419.482;8397.949;8333.350;7687.354;7730.420;6826.025;6739.893;6804.492;6869.092;6955.225;7127.490;7062.891;6998.291;6933.691;7019.824;7084.424"	"6804.492;7084.424;7213.623;7838.086;8484.082;8656.348;8376.416;7795.020;8699.414;8807.080;8764.014;8634.814;8527.148;8613.281;8290.283;8161.084;8505.615;8354.883;8462.549;8419.482;8397.949;8527.148;8354.883;8570.215;8139.551;8161.084"	"6955.225;7256.689;7988.818;8850.146;9000.879;9043.945;8979.346;8893.213;8893.213;8914.746;8893.213;8893.213;8893.213;8893.213;8893.213;8871.680;8893.213;8828.613;8871.680;8893.213;8871.680;8850.146;8807.080;8850.146;8828.613;8893.213"	3.941	11	9000.879	80.717	"F"
"36"	36	"Spectrogram 1"	1	147.3352834	147.5298072	5908.8	9079.4	2045.654	0.1633	6869.092	8914.746	8570.215	"6869.092;6890.625;7019.824;7127.490;7127.490;7493.555;6782.959;6459.961;6804.492;8204.150;8053.418"	"7084.424;7213.623;7838.086;8484.082;8656.348;8376.416;7795.020;8613.281;8807.080;8764.014;8634.814"	"7256.689;7988.818;8850.146;9000.879;9043.945;8979.346;8893.213;8893.213;8914.746;8893.213;8893.213"	8.309	3	9000.879	80.717	"M"
"37"	37	"Spectrogram 1"	1	147.8215928	148.0439057	6052.9	9223.5	2088.721	0.1633	6847.559	8936.279	8074.951	"6610.693;6696.826;6847.559;7019.824;6998.291;7428.955;7170.557;6524.561;6890.625;7428.955;7493.555;7644.287"	"6890.625;7493.555;7881.152;8096.484;8354.883;8247.217;7859.619;7859.619;8096.484;8118.018;8139.551;8118.018"	"7278.223;7945.752;8591.748;9108.545;9194.678;9000.879;8850.146;9130.078;8764.014;8419.482;8462.549;8182.617"	6.259	3	8354.883	52.229	"M"
"38"	38	"Spectrogram 1"	1	147.8962131	148.2722251	6091.2	8223.1	1270.459	0.254	6869.092	8139.551	7967.285	"6826.025;7019.824;7084.424;6481.494;6847.559;7407.422;7407.422;7493.555;7838.086;7795.020;7816.553;7751.953;7428.955;7235.156;6782.959;6373.828;6782.959;6632.227;6503.027;6589.160;6718.359"	"7730.420;7838.086;7838.086;7838.086;8074.951;8118.018;8139.551;8118.018;8096.484;8031.885;7967.285;7881.152;7838.086;7428.955;7170.557;7342.822;7515.088;7708.887;7407.422;7428.955;7816.553"	"8182.617;8182.617;8182.617;8074.951;8118.018;8139.551;8161.084;8161.084;8118.018;8139.551;8053.418;8118.018;8118.018;8118.018;8118.018;8118.018;8074.951;8118.018;7945.752;8010.352;8139.551"	1.009	6	8139.551	39.172	"F"
"39"	39	"Spectrogram 1"	1	148.2940077	148.5163206	5800.7	9187.5	2347.119	0.1633	6761.426	9108.545	7859.619	"6546.094;6739.893;6955.225;7170.557;6782.959;6739.893;6847.559;6610.693;6352.295;6567.627;6675.293;6782.959"	"7428.955;6933.691;7472.021;7945.752;8376.416;8505.615;7945.752;7644.287;7450.488;7321.289;7041.357;6998.291"	"8118.018;7816.553;7838.086;8268.750;9022.412;9173.145;9130.078;9108.545;9108.545;8850.146;9130.078;8699.414"	-4.964	5	9173.145	54.603	"M"
"40"	40	"Spectrogram 1"	1	148.3421808	148.8318709	5664.8	7126.7	839.795	0.3628	6201.562	7041.357	6675.293	"6675.293;6696.826;6696.826;6718.359;6503.027;6136.963;6352.295;6503.027;6761.426;6761.426;6632.227;6589.160;6546.094;6481.494;6438.428;6416.895;6373.828;6309.229;6266.162;6223.096;6223.096;6158.496;6115.430;6093.896;6029.297;6158.496;6072.363"	"6890.625;6761.426;6826.025;6869.092;6826.025;6847.559;6976.758;6955.225;6976.758;6847.559;6696.826;6653.760;6589.160;6546.094;6524.561;6503.027;6481.494;6373.828;6309.229;6266.162;6244.629;6244.629;6826.025;6955.225;6675.293;6890.625;6826.025"	"7062.891;7062.891;7019.824;7019.824;7105.957;7062.891;7084.424;7062.891;7041.357;6976.758;6976.758;7019.824;7019.824;7041.357;6955.225;6847.559;6847.559;6610.693;6438.428;6632.227;6524.561;6826.025;7041.357;7105.957;7105.957;7084.424;7084.424"	0.228	7	7105.957	53.416	"F"
"41"	41	"Spectrogram 1"	1	148.7247389	148.9470518	5836.8	9151.5	2605.518	0.1451	6309.229	8914.746	7859.619	"6136.963;6136.963;6890.625;7105.957;7062.891;7170.557;7235.156;6567.627;6223.096;6395.361;6158.496;6136.963"	"6459.961;7062.891;7838.086;7945.752;8333.350;8570.215;7902.686;7256.689;7472.021;7428.955;7751.953;7493.555"	"7149.023;7515.088;8225.684;8893.213;8936.279;9043.945;8677.881;8828.613;8785.547;8914.746;8979.346;8785.547"	6.367	3	8914.746	99.709	"M"
"42"	42	"Spectrogram 1"	1	148.9105711	149.566406	5725.7	6273.9	215.332	0.4717	5943.164	6158.496	6093.896	"5986.230;6029.297;6050.830;6072.363;6115.430;6115.430;6115.430;6093.896;6093.896;6072.363;6072.363;6072.363;6050.830;6029.297;6029.297;6029.297;6007.764;6007.764;5986.230;5986.230;5964.697;5964.697;5943.164;5921.631;5943.164;5857.031;5921.631;5921.631;5900.098;5878.564;5900.098;5878.564;5921.631;5900.098;5921.631;5900.098"	"6136.963;6158.496;6093.896;6115.430;6136.963;6158.496;6136.963;6136.963;6115.430;6093.896;6115.430;6093.896;6093.896;6072.363;6050.830;6050.830;6029.297;6029.297;6050.830;6029.297;5986.230;5986.230;5986.230;5964.697;5964.697;5964.697;5964.697;5943.164;5921.631;5943.164;5943.164;5964.697;5964.697;5943.164;5943.164;5964.697"	"6223.096;6201.562;6136.963;6158.496;6201.562;6180.029;6158.496;6158.496;6158.496;6136.963;6136.963;6158.496;6115.430;6136.963;6115.430;6136.963;6115.430;6136.963;6136.963;6115.430;6115.430;6072.363;6029.297;6136.963;6029.297;6244.629;6093.896;6029.297;6136.963;6072.363;5986.230;6029.297;6050.830;6072.363;6093.896;6093.896"	-0.305	11	6158.496	1.187	"F"
"43"	43	"Spectrogram 1"	1	149.2110483	149.4750448	6052.9	9223.5	2217.92	0.1451	6718.359	8936.279	7859.619	"6093.896;6136.963;6869.092;7041.357;7170.557;7127.490;7364.355;6718.359;6201.562;6352.295;6589.160;6438.428;6567.627;6459.961"	"6718.359;7062.891;7472.021;7859.619;8161.084;8699.414;8118.018;7450.488;7170.557;7450.488;7859.619;7687.354;7428.955;7493.555"	"6955.225;7278.223;7924.219;8591.748;8957.812;9108.545;8871.680;8850.146;9065.479;9065.479;9043.945;8914.746;8807.080;8936.279"	2.648	3	8936.279	41.546	"M"
"44"	44	"Spectrogram 1"	1	149.5926394	150.2747078	5603.9	6152.1	86.133	0.4717	5900.098	5986.23	5943.164	"5857.031;5900.098;5900.098;5900.098;5900.098;5921.631;5921.631;5943.164;5943.164;5964.697;5921.631;5943.164;5943.164;5943.164;5921.631;5921.631;5921.631;5921.631;5921.631;5921.631;5900.098;5921.631;5921.631;5921.631;5921.631;5921.631;5900.098;5900.098;5900.098;5878.564;5900.098;5900.098;5900.098;5878.564;5878.564;5878.564;5900.098"	"5921.631;5921.631;5921.631;5921.631;5943.164;5964.697;5986.230;5964.697;5986.230;5986.230;5964.697;5986.230;5964.697;5964.697;5943.164;5964.697;5943.164;5943.164;5943.164;5943.164;5964.697;5943.164;5943.164;5943.164;5943.164;5943.164;5921.631;5921.631;5921.631;5921.631;5921.631;5943.164;5921.631;5900.098;5921.631;5921.631;5921.631"	"6007.764;5964.697;5943.164;5964.697;5986.230;5986.230;6007.764;5986.230;6007.764;6007.764;5986.230;6007.764;5986.230;5986.230;5986.230;6029.297;6007.764;6007.764;5964.697;5986.230;5986.230;6007.764;5964.697;5964.697;5964.697;5964.697;5964.697;5964.697;5964.697;5964.697;5986.230;5964.697;5964.697;5964.697;5964.697;5964.697;5964.697"	0	12	5986.23	2.374	"F"
"45"	45	"Spectrogram 1"	1	149.7251468	149.9891434	6052.9	9295.6	2433.252	0.1451	6696.826	9130.078	7730.42	"6395.361;6546.094;6739.893;7041.357;7084.424;7062.891;7364.355;6847.559;6395.361;6438.428;6459.961;6438.428;6739.893;6632.227;6632.227"	"6567.627;6912.158;7105.957;7665.820;7988.818;8570.215;8225.684;7321.289;6912.158;7428.955;7493.555;7472.021;7622.754;7472.021;7235.156"	"6933.691;7127.490;7536.621;8290.283;9087.012;9194.678;9194.678;8893.213;8936.279;9216.211;9022.412;9043.945;9194.678;8785.547;8957.812"	1.102	5	9216.211	141.255	"M"
"46"	46	"Spectrogram 1"	1	150.2670345	150.5171364	6052.9	9295.6	2497.852	0.127	6632.227	9130.078	7751.953	"6503.027;6675.293;6998.291;7149.023;7105.957;7321.289;6718.359;6395.361;6373.828;6438.428;6395.361;6481.494;6546.094;6093.896"	"6890.625;7192.090;7450.488;8031.885;8893.213;8139.551;7278.223;7084.424;7428.955;7601.221;7407.422;7364.355;7472.021;7213.623"	"7213.623;7838.086;7881.152;8548.682;9216.211;9151.611;8699.414;9173.145;9194.678;9108.545;8893.213;9065.479;8936.279;9130.078"	-3.47	5	9194.678	117.515	"M"
"47"	47	"Spectrogram 1"	1	150.3009412	150.9130538	5786.6	6152.1	150.732	0.4172	5964.697	6115.43	6029.297	"5900.098;5921.631;5964.697;5964.697;5964.697;5878.564;5964.697;5964.697;5964.697;5964.697;5986.230;5964.697;5986.230;5986.230;5986.230;5986.230;5986.230;6007.764;6007.764;6050.830;6029.297;6029.297;5986.230;6029.297;6007.764;6029.297;6029.297;6050.830;5986.230;6029.297;6029.297;6007.764;5986.230;5964.697"	"5921.631;5943.164;5986.230;5986.230;5986.230;5986.230;6007.764;6007.764;5986.230;5986.230;6007.764;6007.764;6029.297;6029.297;6029.297;6029.297;6007.764;6050.830;6050.830;6093.896;6072.363;6050.830;6050.830;6072.363;6072.363;6072.363;6115.430;6093.896;6115.430;6072.363;6093.896;6072.363;6050.830;6050.830"	"6050.830;5986.230;6007.764;6007.764;6007.764;6115.430;6093.896;6050.830;6007.764;6029.297;6050.830;6050.830;6072.363;6072.363;6050.830;6050.830;6050.830;6072.363;6072.363;6115.430;6115.430;6115.430;6115.430;6115.430;6115.430;6115.430;6136.963;6136.963;6136.963;6136.963;6136.963;6115.430;6136.963;6136.963"	0.18	11	6136.963	2.374	"F"
"48"	48	"Spectrogram 1"	1	150.7950275	151.0103931	5512.5	10052.2	2993.115	0.1088	6847.559	9840.674	8182.617	"6093.896;6180.029;7450.488;7558.154;8010.352;7687.354;6589.160;6223.096;6330.762;6481.494;6287.695;6287.695"	"6976.758;7084.424;7924.219;8505.615;9216.211;8893.213;7536.621;7795.020;8268.750;8053.418;7773.486;7622.754"	"7515.088;7536.621;8204.150;8936.279;9926.807;9905.273;9474.609;9797.607;9733.008;9733.008;9582.275;9625.342"	2.806	5	9237.744	148.377	"M"
"49"	49	"Spectrogram 1"	1	150.9305427	151.4377217	6334.8	7248.5	689.062	0.4717	6524.561	7213.623	6955.225	"6352.295;6395.361;6416.895;6416.895;6481.494;6567.627;6567.627;6567.627;6610.693;6438.428;6632.227;6653.760;6589.160;6739.893;6869.092;6782.959;7062.891;6976.758;7019.824;6998.291;6955.225;6912.158;6503.027;6696.826;6567.627;6524.561;6589.160;6804.492"	"6718.359;6632.227;6653.760;6675.293;6761.426;6890.625;6933.691;6976.758;6912.158;6955.225;7170.557;7127.490;7149.023;7127.490;7127.490;7084.424;7105.957;7062.891;7041.357;7019.824;7019.824;6933.691;6869.092;7019.824;6955.225;6998.291;6955.225;6998.291"	"7192.090;7192.090;7127.490;7149.023;7127.490;6955.225;6955.225;7041.357;7149.023;7235.156;7213.623;7192.090;7213.623;7213.623;7192.090;7192.090;7192.090;7149.023;7192.090;7192.090;7105.957;7105.957;7019.824;7213.623;7235.156;7235.156;7235.156;7213.623"	1.319	9	7235.156	18.992	"F"
"50"	50	"Spectrogram 1"	1	151.3091261	151.5453335	5620.6	9583.8	2325.586	0.127	6696.826	9022.412	7708.887	"6955.225;6782.959;6503.027;6847.559;6955.225;7149.023;6976.758;6976.758;6524.561;6395.361;6330.762;6503.027;6416.895"	"7019.824;6933.691;6869.092;7450.488;7838.086;8161.084;8333.350;7881.152;7342.822;7299.756;7493.555;7515.088;7579.688"	"7149.023;7149.023;7019.824;7622.754;8010.352;9000.879;9431.543;9388.477;9173.145;9151.611;9151.611;9151.611;9280.811"	-0.594	6	9431.543	86.652	"M"
"51"	51	"Spectrogram 1"	1	151.5120497	151.9798786	6761.2	7492.1	322.998	0.3265	6998.291	7321.289	7278.223	"6782.959;6782.959;6804.492;6761.426;6869.092;6998.291;6847.559;6933.691;6912.158;7127.490;7170.557;7235.156;7213.623;7278.223;7256.689;7256.689;7256.689;7235.156;7235.156;7213.623;7170.557;7127.490;7127.490;7084.424;6869.092"	"7019.824;7127.490;7170.557;7019.824;7105.957;7105.957;7105.957;7149.023;7235.156;7235.156;7278.223;7256.689;7278.223;7299.756;7299.756;7278.223;7299.756;7278.223;7278.223;7278.223;7278.223;7278.223;7235.156;7235.156;7213.623"	"7407.422;7385.889;7385.889;7407.422;7256.689;7192.090;7364.355;7321.289;7278.223;7278.223;7299.756;7299.756;7299.756;7321.289;7321.289;7321.289;7321.289;7299.756;7299.756;7321.289;7299.756;7321.289;7321.289;7299.756;7299.756"	0.89	13	7364.355	26.114	"F"
"52"	52	"Spectrogram 1"	1	151.934381	152.1705884	5404.4	9655.9	2713.184	0.1451	6567.627	9280.811	7945.752	"6180.029;6373.828;6653.760;7256.689;7708.887;6696.826;6567.627;6266.162;6373.828;6524.561;6503.027;6546.094;6589.160"	"6373.828;7665.820;7773.486;8204.150;8333.350;7924.219;7644.287;7859.619;7299.756;7321.289;7687.354;7428.955;7450.488"	"7278.223;7945.752;8290.283;8979.346;9560.742;9539.209;9280.811;9259.277;9345.410;9151.611;9323.877;9474.609;9345.410"	4.946	4	8225.684	70.034	"M"
"53"	53	"Spectrogram 1"	1	152.0410899	152.5220355	7065.7	7553	430.664	0.3447	7105.957	7536.621	7321.289	"7084.424;7084.424;7105.957;7127.490;7084.424;7084.424;7235.156;7105.957;7299.756;7299.756;7385.889;7364.355;7278.223;7213.623;7364.355;7428.955;7385.889;7278.223;7450.488;7321.289;7385.889;7321.289;7407.422;7321.289;7127.490;7321.289"	"7256.689;7278.223;7278.223;7299.756;7321.289;7321.289;7428.955;7342.822;7472.021;7515.088;7515.088;7515.088;7472.021;7493.555;7493.555;7472.021;7472.021;7493.555;7493.555;7472.021;7472.021;7450.488;7493.555;7385.889;7364.355;7472.021"	"7515.088;7493.555;7321.289;7342.822;7493.555;7472.021;7472.021;7493.555;7515.088;7536.621;7536.621;7536.621;7536.621;7536.621;7536.621;7515.088;7515.088;7536.621;7536.621;7515.088;7515.088;7493.555;7536.621;7536.621;7536.621;7515.088"	0.902	10	7515.088	9.496	"F"
"54"	54	"Spectrogram 1"	1	152.5482689	153.151637	7492.1	7918.5	366.064	0.2358	7515.088	7881.152	7730.42	"7515.088;7687.354;7687.354;7493.555;7515.088;7515.088;7536.621;7493.555;7493.555;7536.621;7601.221;7622.754;7730.420;7730.420;7515.088;7601.221;7708.887;7558.154;7622.754;7644.287;7795.020;7816.553;7579.688;7795.020;7579.688;7579.688;7601.221;7579.688;7751.953;7601.221;7601.221;7515.088;7579.688"	"7536.621;7708.887;7708.887;7601.221;7687.354;7751.953;7773.486;7644.287;7751.953;7730.420;7795.020;7795.020;7816.553;7795.020;7773.486;7816.553;7816.553;7838.086;7816.553;7816.553;7816.553;7838.086;7816.553;7838.086;7816.553;7838.086;7838.086;7838.086;7816.553;7838.086;7795.020;7816.553;7795.020"	"7816.553;7751.953;7751.953;7773.486;7881.152;7881.152;7902.686;7881.152;7838.086;7902.686;7881.152;7838.086;7838.086;7838.086;7859.619;7859.619;7859.619;7859.619;7859.619;7859.619;7881.152;7881.152;7881.152;7881.152;7881.152;7881.152;7881.152;7881.152;7881.152;7881.152;7881.152;7881.152;7859.619"	0.482	21	7859.619	13.057	"F"
"55"	55	"Spectrogram 1"	1	152.5861282	152.7945465	5692.6	9655.9	2627.051	0.1451	6567.627	9194.678	7665.82	"6459.961;6782.959;6912.158;6869.092;6912.158;6933.691;6244.629;6395.361;6632.227;6589.160;6567.627"	"7019.824;7579.688;7730.420;8311.816;7730.420;7622.754;7407.422;7558.154;7708.887;7795.020;7816.553"	"7730.420;7924.219;8785.547;9453.076;9431.543;9065.479;9216.211;9259.277;9130.078;9237.744;8979.346"	4.392	6	7988.818	59.351	"M"
"56"	56	"Spectrogram 1"	1	153.0554479	153.6325826	8040.3	8527.6	409.131	0.254	8096.484	8505.615	8290.283	"8204.150;8225.684;8247.217;8247.217;8247.217;8247.217;8247.217;8247.217;8247.217;8096.484;8053.418;8096.484;8118.018;8096.484;8074.951;8161.084;8096.484;8074.951;8118.018;8053.418;8225.684;8074.951;8139.551;8096.484;8074.951;8118.018;8096.484;8161.084;8096.484;8053.418;8118.018"	"8268.750;8268.750;8268.750;8268.750;8290.283;8290.283;8290.283;8268.750;8268.750;8311.816;8182.617;8333.350;8290.283;8311.816;8247.217;8376.416;8376.416;8333.350;8376.416;8354.883;8419.482;8419.482;8376.416;8397.949;8161.084;8376.416;8376.416;8376.416;8441.016;8333.350;8419.482"	"8397.949;8311.816;8290.283;8290.283;8333.350;8333.350;8311.816;8311.816;8311.816;8484.082;8462.549;8527.148;8441.016;8441.016;8484.082;8462.549;8505.615;8462.549;8505.615;8462.549;8484.082;8484.082;8484.082;8484.082;8527.148;8484.082;8462.549;8462.549;8505.615;8462.549;8505.615"	0.396	16	8484.082	15.431	"F"
"57"	57	"Spectrogram 1"	1	153.1696995	153.3920124	5836.8	9583.8	2454.785	0.1451	6804.492	9259.277	7687.354	"6524.561;6653.760;7019.824;6955.225;6933.691;7192.090;6998.291;6373.828;6610.693;6696.826;6739.893;6481.494"	"7019.824;7019.824;7579.688;7924.219;8161.084;8548.682;7601.221;7536.621;7428.955;8031.885;7967.285;7558.154"	"8290.283;8268.750;7859.619;8484.082;9388.477;9453.076;9087.012;9345.410;9345.410;9087.012;9453.076;9474.609"	0.108	5	9237.744	72.408	"M"
"58"	58	"Spectrogram 1"	1	153.6063492	153.9386389	9563.1	10659.5	624.463	0.1995	9582.275	10206.738	9776.074	"9603.809;9625.342;9625.342;9646.875;9646.875;9689.941;9689.941;9668.408;9754.541;9776.074;9776.074;9582.275;9582.275;9582.275;9582.275;9582.275;9582.275;9582.275"	"9646.875;9668.408;9689.941;9754.541;9754.541;9776.074;9797.607;9840.674;9905.273;9926.807;10012.939;9603.809;9625.342;9797.607;9603.809;9603.809;9603.809;9625.342"	"9776.074;9733.008;9776.074;9797.607;9797.607;9797.607;9883.740;9926.807;10012.939;9969.873;10206.738;10206.738;10379.004;10486.670;10314.404;10185.205;10206.738;10228.271"	-0.14	4	10163.672	13.057	"F"
"59"	59	"Spectrogram 1"	1	153.7115871	153.9755837	5692.6	9511.8	2454.785	0.1451	6632.227	9087.012	7665.82	"6223.096;6546.094;6847.559;6933.691;6933.691;6998.291;7192.090;6524.561;6266.162;6395.361;6524.561;6352.295;6416.895;6438.428"	"6567.627;7062.891;7579.688;7665.820;7988.818;8161.084;7945.752;7536.621;7601.221;7515.088;7816.553;7708.887;7687.354;7536.621"	"6912.158;7536.621;7881.152;8527.148;9194.678;9345.410;9194.678;9043.945;9065.479;9151.611;9323.877;9237.744;9043.945;8828.613"	5.022	6	9173.145	77.156	"M"
"60"	60	"Spectrogram 1"	1	154.2395802	154.4757876	5836.8	9655.9	2476.318	0.127	6761.426	9237.744	7665.82	"6244.629;6567.627;6890.625;7084.424;7105.957;7149.023;7149.023;7127.490;6459.961;6546.094;6632.227;6675.293;6503.027"	"6567.627;7019.824;7601.221;7644.287;7902.686;8656.348;8656.348;7687.354;7321.289;7601.221;7751.953;7730.420;7751.953"	"7601.221;7321.289;7730.420;8333.350;8505.615;9410.010;9582.275;9216.211;9302.344;9410.010;9259.277;9431.543;9216.211"	5.935	4	9087.012	72.408	"M"
"61"	61	"Spectrogram 1"	1	154.8926243	155.212199	5692.6	9727.9	2713.184	0.1451	6589.16	9302.344	7644.287	"6050.830;5900.098;5900.098;6266.162;6696.826;6804.492;6782.959;7041.357;6653.760;6287.695;6481.494;6675.293;6524.561;6503.027;6524.561;6524.561;6546.094;6503.027"	"7342.822;6287.695;6266.162;6589.160;7235.156;7687.354;8247.217;8376.416;7579.688;7558.154;7601.221;7515.088;7859.619;7622.754;7687.354;7364.355;7665.820;7902.686"	"9130.078;8333.350;7902.686;6847.559;7665.820;8268.750;9130.078;9625.342;9410.010;9474.609;9280.811;9280.811;9603.809;9216.211;9108.545;9582.275;9366.943;9345.410"	2.933	5	9625.342	61.725	"M"
"62"	62	"Spectrogram 1"	1	155.6985084	155.9763995	5764.7	9655.9	2670.117	0.1451	6438.428	9108.545	7536.621	"6158.496;5813.965;6201.562;6309.229;6696.826;6718.359;6524.561;6675.293;6287.695;6373.828;6567.627;6373.828;6481.494;6503.027;6459.961;6373.828"	"7342.822;6158.496;6546.094;6847.559;7558.154;7816.553;7967.285;8118.018;7127.490;7579.688;7536.621;7708.887;7644.287;7687.354;7407.422;7773.486"	"9302.344;6373.828;6739.893;7644.287;8462.549;9173.145;9388.477;9388.477;8871.680;9216.211;9237.744;9151.611;9151.611;9000.879;9151.611;9043.945"	2.691	11	7816.553	60.538	"M"
"63"	63	"Spectrogram 1"	1	156.5738654	156.8100728	5548.5	9367.6	2519.385	0.127	6223.096	8742.48	7299.756	"5555.566;5813.965;6115.430;6352.295;6589.160;6395.361;6481.494;6287.695;6438.428;6352.295;6373.828;6373.828;6201.562"	"5792.432;6244.629;6675.293;7256.689;7622.754;7687.354;7708.887;7472.021;7385.889;7364.355;7515.088;7084.424;6976.758"	"6998.291;6567.627;7149.023;8268.750;8785.547;9108.545;8828.613;9065.479;8850.146;8807.080;8893.213;9022.412;8785.547"	4.155	5	8225.684	45.107	"M"
"64"	64	"Spectrogram 1"	1	159.6239215	159.8465193	4751.105	11025	2820.85	0.1088	5727.832	8548.682	6524.561	"5534.033;5900.098;6007.764;6072.363;5943.164;5813.965;5792.432;5813.965;5878.564;5835.498;5835.498;6050.830"	"6287.695;6459.961;7342.822;7665.820;7579.688;6524.561;6718.359;7342.822;6459.961;6653.760;6739.893;6739.893"	"6481.494;7967.285;8570.215;9043.945;9453.076;9410.010;9000.879;9431.543;8591.748;8742.480;8871.680;9022.412"	0.647	5	7687.354	65.286	"M"
"65"	65	"Spectrogram 1"	1	160.5390456	160.7492769	4812.017	11329.558	2627.051	0.0907	5857.031	8484.082	7192.09	"5167.969;5167.969;5857.031;6007.764;6072.363;6007.764;5986.230;6050.830;5835.498;5921.631;5749.365;5792.432"	"5620.166;5598.633;6223.096;7601.221;7773.486;7687.354;6890.625;6761.426;7084.424;7364.355;7342.822;7708.887"	"8053.418;7450.488;6567.627;8225.684;9087.012;9237.744;9646.875;8914.746;9237.744;8957.812;9496.143;10012.939"	11.439	2	7838.086	79.53	"M"
"66"	66	"Spectrogram 1"	1	161.3985203	161.6582177	4964.296	11116.367	2820.85	0.127	5857.031	8677.881	6632.227	"5146.436;5124.902;5727.832;5921.631;5964.697;5964.697;5986.230;5921.631;5921.631;5727.832;5857.031;5835.498;5986.230;5835.498"	"5792.432;5684.766;6287.695;6567.627;6826.025;7256.689;7149.023;7105.957;7321.289;6589.160;7665.820;7622.754;6653.760;7192.090"	"9280.811;9948.340;6481.494;8031.885;8850.146;9043.945;8807.080;9948.340;8807.080;8720.947;8871.680;8936.279;8807.080;9108.545"	3.196	7	8074.951	98.522	"M"
"67"	67	"Spectrogram 1"	1	162.085759	162.5433211	6030.249	13217.818	5727.832	0.2358	6912.158	12639.99	10723.535	"7795.020;11154.199;6136.963;6180.029;6352.295;6459.961;6459.961;6675.293;7945.752;7472.021;8290.283;10314.404;10142.139;9582.275;6912.158;7321.289;7149.023;7342.822;7256.689;7278.223;7256.689;6955.225;6761.426;7041.357;7019.824;7062.891"	"11132.666;12661.523;12833.789;12553.857;8505.615;11800.195;11800.195;11477.197;11132.666;11003.467;10874.268;10788.135;10271.338;10142.139;9689.941;10185.205;10185.205;10185.205;10185.205;10185.205;10034.473;10077.539;10077.539;10099.072;10120.605;10120.605"	"12338.525;12984.521;13092.188;13070.654;12962.988;12812.256;12833.789;12683.057;12316.992;11886.328;11455.664;11563.330;11068.066;10981.934;11111.133;10981.934;11154.199;11046.533;11025.000;11003.467;11111.133;11003.467;11003.467;11068.066;11132.666;10981.934"	-1.994	8	13070.654	84.278	"F"
"68"	68	"Spectrogram 1"	1	162.0972299	162.3074612	5116.575	10050.414	2713.184	0.1088	6007.764	8720.947	7235.156	"5167.969;5706.299;5835.498;6050.830;6180.029;6115.430;6029.297;6223.096;6115.430;5986.230;6050.830;6093.896"	"7342.822;6136.963;6524.561;6955.225;7385.889;7579.688;7622.754;7773.486;7493.555;7622.754;7558.154;7407.422"	"10034.473;6416.895;7235.156;8333.350;8677.881;8936.279;8979.346;8893.213;9000.879;8850.146;8699.414;9022.412"	0.324	4	8225.684	41.546	"M"
"69"	69	"Spectrogram 1"	1	162.690824	162.9628879	5664.779	10842.265	2950.049	0.1451	6244.629	9194.678	7579.688	"5964.697;6093.896;6287.695;6416.895;6546.094;6416.895;6330.762;6266.162;6309.229;6266.162;6115.430;6223.096;6158.496;6287.695;6266.162"	"6223.096;6610.693;6955.225;7795.020;7988.818;7816.553;7450.488;7536.621;7601.221;7795.020;7881.152;7622.754;7579.688;7881.152;7924.219"	"6567.627;7256.689;8096.484;9022.412;9431.543;9539.209;9130.078;9259.277;9517.676;9517.676;9496.143;9302.344;9560.742;9496.143;9453.076"	7.207	4	8311.816	90.213	"M"
"70"	70	"Spectrogram 1"	1	163.2967845	163.581215	5542.956	10537.707	2820.85	0.1633	6309.229	9130.078	7536.621	"6029.297;6029.297;6136.963;6352.295;6373.828;6546.094;6589.160;6266.162;6309.229;6266.162;6287.695;6373.828;6352.295;6266.162;6330.762;6180.029"	"7170.557;7170.557;6524.561;6869.092;7816.553;8096.484;8031.885;6933.691;7536.621;7579.688;7708.887;7902.686;7795.020;7881.152;7924.219;7428.955"	"7235.156;7235.156;6782.959;7665.820;8527.148;9388.477;9517.676;9108.545;9194.678;9259.277;9345.410;9582.275;9280.811;9280.811;9151.611;9410.010"	-0.87	9	8419.482	115.141	"M"
"71"	71	"Spectrogram 1"	1	163.7366924	164.1447883	5847.514	13035.083	4780.371	0.2177	7795.02	12575.391	10745.068	"7472.021;10120.605;11261.865;12037.061;12187.793;11735.596;11412.598;11003.467;10745.068;10357.471;10056.006;9668.408;8225.684;6653.760;7213.623;6998.291;6955.225;7019.824;7105.957;6976.758;6955.225;7407.422;7019.824"	"10960.400;12510.791;12769.189;12553.857;12424.658;11929.395;11735.596;11218.799;10938.867;10723.535;10615.869;10034.473;9689.941;9496.143;9711.475;9560.742;9711.475;9582.275;9668.408;9819.141;9560.742;9668.408;9625.342"	"12295.459;12898.389;12919.922;12919.922;12919.922;12855.322;12726.123;12403.125;12015.527;12037.061;11714.062;11455.664;10917.334;10960.400;11154.199;11261.865;11326.465;11283.398;11175.732;10960.400;11240.332;10960.400;11261.865"	-3.021	8	12898.389	96.148	"F"
"72"	72	"Spectrogram 1"	1	164.1377094	164.3850402	5725.691	9928.591	2863.916	0.1451	6503.027	9366.943	7644.287	"6244.629;6503.027;6567.627;6675.293;6653.760;6847.559;6503.027;6373.828;6503.027;6373.828;6438.428;6287.695;6395.361"	"6696.826;6782.959;7170.557;7902.686;8247.217;8505.615;7213.623;7687.354;7708.887;7472.021;7730.420;7622.754;7536.621"	"6976.758;7816.553;7859.619;8591.748;9517.676;9819.141;9087.012;9194.678;9496.143;9302.344;9345.410;9151.611;9603.809"	-1.187	5	8139.551	65.286	"M"
"73"	73	"Spectrogram 1"	1	164.6447376	164.8797019	5847.514	10050.414	3014.648	0.1451	6589.16	9603.809	7795.02	"6610.693;6804.492;6912.158;7062.891;7213.623;6524.561;6309.229;6373.828;6438.428;6589.160;6352.295;6416.895"	"7084.424;7558.154;8096.484;8462.549;8591.748;7041.357;7665.820;7536.621;7687.354;7730.420;7536.621;7751.953"	"7902.686;7924.219;8893.213;9776.074;9862.207;9087.012;9280.811;9323.877;9237.744;9366.943;9216.211;9410.010"	4.748	8	9733.008	111.58	"M"
"74"	74	"Spectrogram 1"	1	164.8929641	165.3134265	5999.793	13126.45	5124.902	0.254	7364.355	12489.258	10486.67	"6481.494;6826.025;6998.291;7041.357;12144.727;11843.262;11541.797;10981.934;10745.068;10422.070;10206.738;9905.273;9517.676;8527.148;6804.492;7019.824;7019.824;7149.023;7256.689;7127.490;7321.289;7105.957;6567.627"	"7773.486;11757.129;12252.393;12812.256;12489.258;12230.859;11800.195;11197.266;11154.199;10680.469;10702.002;10206.738;9883.740;9689.941;9194.678;9496.143;9560.742;9625.342;9603.809;9711.475;9603.809;9603.809;6718.359"	"11025.000;12747.656;12769.189;12962.988;12790.723;12683.057;12726.123;12252.393;12532.324;12187.793;12123.193;11735.596;11068.066;10917.334;10831.201;10788.135;10938.867;10831.201;10960.400;10874.268;10874.268;10723.535;10034.473"	-3.075	9	12919.922	250.461	"F"
"75"	75	"Spectrogram 1"	1	165.2877978	165.5474952	5786.602	9624.033	2605.518	0.1633	6610.693	9216.211	7687.354	"6610.693;6675.293;6912.158;7062.891;7256.689;7084.424;6589.160;6136.963;6373.828;6459.961;6395.361;6352.295;6395.361;6610.693"	"6998.291;7084.424;7515.088;7881.152;8247.217;8204.150;7256.689;7256.689;7299.756;7558.154;7687.354;7730.420;7601.221;7838.086"	"7902.686;7472.021;7881.152;8527.148;9431.543;9366.943;9065.479;9108.545;9043.945;9237.744;9323.877;9323.877;9388.477;9108.545"	3.287	8	7924.219	51.042	"M"
"76"	76	"Spectrogram 1"	1	165.7206268	165.9926907	5786.602	9745.856	2691.65	0.1633	6610.693	9302.344	7730.42	"6955.225;7062.891;7170.557;7278.223;7299.756;7278.223;6653.760;6158.496;6223.096;6416.895;6481.494;6287.695;6330.762;6373.828;6524.561"	"7299.756;7515.088;7859.619;8247.217;8807.080;8354.883;7558.154;7062.891;7515.088;7321.289;7601.221;7601.221;7558.154;7795.020;7601.221"	"7579.688;7924.219;8785.547;9453.076;9603.809;9582.275;9087.012;9280.811;9345.410;9366.943;9151.611;9173.145;9302.344;9345.410;9345.410"	1.441	8	9280.811	77.156	"M"
"77"	77	"Spectrogram 1"	1	166.0925187	166.5748138	5969.337	12974.171	4801.904	0.2721	6696.826	11498.73	9388.477	"6696.826;7105.957;8074.951;11175.732;10895.801;10895.801;10615.869;10400.537;10163.672;9883.740;9496.143;6653.760;6696.826;6933.691;6890.625;7062.891;6890.625;6503.027;6567.627;6416.895;6632.227;6653.760;6352.295;6739.893;6395.361;6567.627;6352.295"	"10551.270;12618.457;12403.125;11929.395;11046.533;11025.000;10831.201;10723.535;10594.336;10271.338;9883.740;9453.076;8914.746;7902.686;8527.148;8742.480;8397.949;7579.688;7730.420;7730.420;7644.287;7945.752;7751.953;8096.484;7838.086;7644.287;7816.553"	"12747.656;12876.855;12876.855;12790.723;12338.525;12058.594;12295.459;11972.461;11455.664;11304.932;10938.867;10594.336;10572.803;10292.871;10400.537;9883.740;10034.473;10056.006;10034.473;9948.340;9862.207;9991.406;9948.340;10271.338;9905.273;10206.738;10056.006"	-11.688	11	12855.322	148.377	"F"
"78"	78	"Spectrogram 1"	1	166.660484	166.957281	5908.425	9806.768	2670.117	0.1633	6739.893	9410.01	7967.285	"6459.961;6459.961;6976.758;7428.955;7558.154;7708.887;7687.354;7644.287;7105.957;6524.561;6416.895;6373.828;6826.025;6567.627;6352.295;6546.094"	"7385.889;7127.490;7558.154;7601.221;7838.086;8613.281;8699.414;8871.680;7967.285;7558.154;7881.152;7708.887;7773.486;7751.953;7838.086;7795.020"	"9453.076;9410.010;7665.820;7838.086;8484.082;9345.410;9668.408;9539.209;9237.744;9410.010;9539.209;9173.145;9388.477;9453.076;9474.609;9496.143"	2.849	7	9022.412	72.408	"M"
"79"	79	"Spectrogram 1"	1	167.081842	167.514671	6091.16	12852.348	3445.312	0.2358	8096.484	11541.797	10120.605	"7041.357;7924.219;11003.467;10745.068;10551.270;10529.736;10292.871;10142.139;9948.340;9646.875;9410.010;8699.414;7515.088;7407.422;7170.557;7170.557;7019.824;7127.490;7256.689;7364.355;7407.422;7170.557;7062.891;6330.762"	"12252.393;12360.059;11520.264;11046.533;10895.801;10637.402;10465.137;10400.537;10249.805;10142.139;9733.008;9388.477;9539.209;9474.609;9474.609;9517.676;9151.611;9517.676;9496.143;9668.408;9582.275;9582.275;9410.010;9345.410"	"12683.057;12683.057;12639.990;12489.258;12058.594;11950.928;11304.932;11154.199;11326.465;10766.602;10572.803;10508.203;10551.270;10379.004;10508.203;10335.938;10486.670;10551.270;10529.736;10551.270;10379.004;10379.004;10422.070;10379.004"	-7.38	10	12639.99	27.301	"F"
"80"	80	"Spectrogram 1"	1	167.5007195	167.7480503	5908.425	9806.768	2777.783	0.1633	6589.16	9366.943	7945.752	"6416.895;6546.094;6653.760;6869.092;7127.490;7149.023;7062.891;6546.094;6395.361;6373.828;6395.361;6416.895;6330.762;6481.494"	"6761.426;7084.424;7579.688;7902.686;8333.350;8397.949;8462.549;7687.354;7299.756;7838.086;7773.486;8053.418;7881.152;7816.553"	"9410.010;7665.820;8247.217;8354.883;9280.811;9410.010;9668.408;9345.410;9410.010;9539.209;9517.676;9517.676;9410.010;9302.344"	0.548	5	8570.215	72.408	"M"
"81"	81	"Spectrogram 1"	1	167.9644648	168.174696	5847.514	9867.68	3165.381	0.1451	6589.16	9754.541	7945.752	"6503.027;6567.627;6696.826;6976.758;7235.156;7278.223;6782.959;6481.494;6330.762;6266.162;6395.361"	"6782.959;7019.824;7644.287;8204.150;8484.082;8441.016;8053.418;7515.088;7795.020;7299.756;9776.074"	"7235.156;7773.486;8591.748;9366.943;9410.010;9560.742;9539.209;9366.943;9453.076;9474.609;9862.207"	17.449	4	9862.207	172.118	"M"
"82"	82	"Spectrogram 1"	1	167.9969661	168.4297951	5969.337	12791.436	4565.039	0.2358	6933.691	11498.73	9926.807	"6567.627;6761.426;7127.490;7407.422;7558.154;6998.291;6653.760;7342.822;7084.424;7967.285;8354.883;7730.420;8074.951;6847.559;6589.160;6804.492;6912.158;6869.092;6955.225;6653.760;6718.359;6912.158;6804.492;6847.559"	"7105.957;7881.152;8785.547;9043.945;11003.467;10788.135;10486.670;10486.670;10335.938;10034.473;9926.807;9862.207;9194.678;9043.945;9237.744;9216.211;9216.211;8914.746;8936.279;9173.145;9302.344;9151.611;8979.346;9216.211"	"11541.797;12661.523;12639.990;12338.525;11929.395;11304.932;11240.332;11068.066;11025.000;10917.334;10981.934;10938.867;10314.404;10379.004;10422.070;10314.404;10400.537;10465.137;10508.203;10702.002;10529.736;10615.869;10529.736;10594.336"	4.18	11	12661.523	286.071	"F"
"83"	83	"Spectrogram 1"	1	168.4653098	168.7250071	6030.249	9745.856	2734.717	0.1633	6653.76	9388.477	7881.152	"6503.027;6632.227;6696.826;6976.758;6998.291;7149.023;7342.822;6890.625;6589.160;6266.162;6481.494;6459.961;6675.293;6438.428"	"6804.492;6912.158;7601.221;7816.553;8225.684;8591.748;8656.348;8204.150;7299.756;7342.822;7708.887;7493.555;7751.953;7407.422"	"9022.412;7622.754;8074.951;8656.348;9410.010;9474.609;9625.342;9259.277;9280.811;9259.277;9345.410;9237.744;9388.477;9173.145"	3.287	6	8225.684	46.294	"M"
"84"	84	"Spectrogram 1"	1	168.8502575	169.1841542	6091.16	12669.613	3337.646	0.2358	7687.354	11025	9819.141	"7558.154;10895.801;10422.070;10228.271;10120.605;10077.539;9905.273;9776.074;9625.342;9388.477;9151.611;8613.281;7192.090;7041.357;6998.291;7149.023;6632.227;6524.561;6653.760"	"12424.658;11606.396;10723.535;10529.736;10400.537;10249.805;10142.139;9905.273;9819.141;9689.941;9625.342;9539.209;9216.211;9108.545;8936.279;9259.277;9302.344;7450.488;7687.354"	"12489.258;12467.725;12123.193;11627.930;11283.398;11218.799;10572.803;10486.670;10314.404;10249.805;10120.605;10120.605;9991.406;10120.605;10163.672;10120.605;9948.340;10099.072;9862.207"	-14.508	9	12446.191	43.92	"F"
"85"	85	"Spectrogram 1"	1	169.133103	169.3804339	5847.514	9624.033	2906.982	0.1814	6567.627	9474.609	7902.686	"6524.561;6546.094;6653.760;6869.092;7213.623;7256.689;7041.357;6675.293;6330.762;6330.762;6373.828;6546.094;6481.494;6244.629"	"7644.287;7364.355;7665.820;7924.219;8311.816;8656.348;8118.018;7450.488;7149.023;7428.955;7515.088;7342.822;7428.955;7385.889"	"9539.209;9323.877;9151.611;8828.613;9431.543;9517.676;9517.676;9517.676;9323.877;9496.143;9237.744;9259.277;9453.076;9453.076"	-10.683	7	9539.209	67.66	"M"
"86"	86	"Spectrogram 1"	1	169.5301757	169.9877378	6030.249	11451.381	2670.117	0.2177	7364.355	10034.473	9560.742	"7902.686;10034.473;7493.555;7579.688;7687.354;7795.020;8074.951;8290.283;7687.354;7041.357;7084.424;7342.822;6933.691;6675.293;6696.826;6869.092;6869.092;6933.691;6869.092;6739.893;6976.758;6696.826;6912.158;6696.826;6869.092"	"10680.469;10852.734;10422.070;9969.873;9862.207;9797.607;9754.541;9689.941;9582.275;9366.943;9474.609;9237.744;8828.613;8850.146;8656.348;9087.012;8807.080;8914.746;8462.549;8828.613;9087.012;8979.346;8677.881;9087.012;8484.082"	"11240.332;11261.865;11025.000;10551.270;10120.605;10099.072;9948.340;9840.674;9862.207;9797.607;9862.207;9733.008;9797.607;9840.674;9733.008;9862.207;9819.141;9840.674;9733.008;9819.141;9733.008;9819.141;9840.674;9840.674;9776.074"	-6.281	12	10874.268	105.645	"F"
"87"	87	"Spectrogram 1"	1	169.565932	169.7761632	5847.514	9502.21	2454.785	0.1451	7019.824	9474.609	8893.213	"7364.355;7472.021;7515.088;7558.154;7622.754;7536.621;7407.422;6869.092;6696.826;6847.559;6847.559"	"7579.688;7838.086;7945.752;8354.883;8677.881;8419.482;8505.615;9345.410;9108.545;8634.814;8742.480"	"7945.752;8311.816;8957.812;9453.076;9453.076;9474.609;9496.143;9431.543;9496.143;9388.477;9410.010"	6.766	4	9496.143	81.904	"M"
"88"	88	"Spectrogram 1"	1	170.0234941	170.2831914	5725.691	9502.21	2282.52	0.1814	7019.824	9302.344	9108.545	"6696.826;6739.893;6890.625;7149.023;7321.289;7364.355;7472.021;7558.154;6912.158;6675.293;6632.227;6890.625;8139.551;7515.088"	"7041.357;7213.623;7407.422;7730.420;7945.752;8204.150;8677.881;8247.217;7881.152;8957.812;9173.145;9237.744;9237.744;9237.744"	"9151.611;7795.020;7773.486;8096.484;8677.881;9345.410;9366.943;9366.943;9388.477;9259.277;9259.277;9302.344;9280.811;9280.811"	9.679	4	9366.943	84.278	"M"
"89"	89	"Spectrogram 1"	1	170.1237697	170.5442322	6152.072	9441.298	2045.654	0.2902	7235.156	9280.811	9000.879	"7536.621;6976.758;6718.359;6675.293;6675.293;6912.158;8247.217;7558.154;7515.088;8979.346;8828.613;8548.682;8225.684;7859.619;6955.225;6804.492;6869.092;7342.822;6998.291;7062.891;6976.758;7084.424;7278.223"	"8419.482;8161.084;8311.816;8979.346;9173.145;9237.744;9237.744;9237.744;9194.678;9108.545;9065.479;8699.414;8720.947;8462.549;8441.016;8505.615;8311.816;8527.148;8613.281;8742.480;8570.215;8462.549;8613.281"	"9366.943;9388.477;9366.943;9259.277;9259.277;9302.344;9280.811;9280.811;9302.344;9259.277;9237.744;9194.678;9237.744;9259.277;9237.744;9151.611;9173.145;9237.744;9280.811;9280.811;9259.277;9259.277;9237.744"	1.673	8	9259.277	64.099	"F"
"90"	90	"Spectrogram 1"	1	170.5799885	170.8273193	5603.867	9684.945	1959.521	0.1633	6933.691	8893.213	8225.684	"6632.227;6675.293;6998.291;7192.090;7235.156;7385.889;7364.355;6912.158;6696.826;6653.760;7235.156;7730.420;7235.156"	"7105.957;7515.088;7838.086;8010.352;8268.750;8311.816;8268.750;8290.283;8268.750;8268.750;8225.684;8225.684;8161.084"	"9043.945;8204.150;8484.082;8957.812;9388.477;9431.543;9323.877;8936.279;8527.148;8333.350;8354.883;8354.883;8354.883"	5.638	4	8354.883	32.049	"M"
"91"	91	"Spectrogram 1"	1	170.655531	171.0512604	6212.983	8405.801	1550.391	0.254	6782.959	8333.35	8139.551	"6998.291;6912.158;7192.090;6847.559;6718.359;6826.025;7256.689;7730.420;7235.156;7751.953;7515.088;6955.225;6718.359;6503.027;6589.160;6546.094;6804.492;6804.492;6524.561;6567.627;6610.693;6653.760"	"8096.484;8118.018;7967.285;8268.750;8268.750;8268.750;8225.684;8225.684;8161.084;8118.018;7902.686;7579.688;6955.225;7515.088;7795.020;7472.021;7859.619;7859.619;7687.354;7450.488;7816.553;7838.086"	"8354.883;8333.350;8354.883;8354.883;8333.350;8333.350;8333.350;8333.350;8333.350;8290.283;8247.217;8290.283;8074.951;8290.283;8311.816;8311.816;8311.816;8268.750;8204.150;8204.150;8247.217;8311.816"	-1.13	12	8354.883	86.652	"F"
"92"	92	"Spectrogram 1"	1	171.0512604	171.5088224	5908.425	7309.392	1012.061	0.3265	6223.096	7235.156	7019.824	"6653.760;6696.826;6804.492;6933.691;6998.291;7062.891;7127.490;7149.023;6696.826;6438.428;6567.627;6503.027;6696.826;6503.027;6416.895;6330.762;6309.229;6266.162;6201.562;6201.562;6158.496;6029.297;6007.764;6007.764;6007.764"	"6976.758;7062.891;7149.023;7170.557;7170.557;7192.090;7170.557;7170.557;7192.090;7105.957;7062.891;6869.092;6739.893;6955.225;6632.227;6632.227;6373.828;6416.895;6481.494;6244.629;6266.162;6309.229;6201.562;6309.229;6201.562"	"7213.623;7213.623;7235.156;7278.223;7256.689;7256.689;7278.223;7256.689;7213.623;7278.223;7256.689;7235.156;7213.623;7192.090;7170.557;7213.623;7192.090;7256.689;7127.490;7127.490;6998.291;6976.758;6782.959;7084.424;7192.090"	-2.275	9	7192.09	18.992	"F"
"93"	93	"Spectrogram 1"	1	171.0561003	171.3157977	5725.691	9502.21	2282.52	0.1633	6718.359	9000.879	7256.689	"6696.826;6718.359;6912.158;7127.490;7149.023;7170.557;7149.023;7149.023;6739.893;6567.627;6610.693;6546.094;6696.826;6524.561"	"7062.891;7105.957;7364.355;7708.887;7838.086;8010.352;7945.752;7601.221;7213.623;7256.689;7127.490;6998.291;6739.893;7084.424"	"8182.617;7988.818;8074.951;8764.014;9065.479;9280.811;9280.811;9259.277;8850.146;8742.480;8720.947;8742.480;8139.551;8548.682"	0.274	4	7192.09	18.992	"M"
"94"	94	"Spectrogram 1"	1	171.5348987	171.8069627	5999.793	9471.754	2820.85	0.1814	6266.162	9087.012	7730.42	"6050.830;6050.830;6438.428;7062.891;7192.090;7235.156;6330.762;6266.162;6266.162;6266.162;6287.695;6223.096;6223.096;6201.562;6266.162"	"6912.158;6955.225;7342.822;7687.354;7945.752;8225.684;8225.684;7859.619;7665.820;7149.023;7364.355;6933.691;6761.426;6933.691;6330.762"	"7321.289;7256.689;7644.287;8096.484;8871.680;9323.877;9323.877;9280.811;8871.680;8957.812;8979.346;8764.014;8914.746;9043.945;8807.080"	-2.713	5	8957.812	53.416	"M"
"95"	95	"Spectrogram 1"	1	171.6201213	172.1766157	5969.337	6456.63	150.732	0.3991	6180.029	6330.762	6266.162	"6136.963;6201.562;6223.096;6223.096;6223.096;6050.830;6201.562;6223.096;6180.029;6266.162;6244.629;6244.629;6158.496;6223.096;6244.629;6223.096;6201.562;6201.562;6223.096;6201.562;6201.562;6158.496;6136.963;6158.496;6136.963;6115.430;6136.963;6136.963;6115.430;6115.430;6158.496"	"6244.629;6266.162;6266.162;6266.162;6266.162;6287.695;6244.629;6287.695;6287.695;6287.695;6309.229;6287.695;6266.162;6287.695;6266.162;6266.162;6287.695;6287.695;6244.629;6223.096;6223.096;6201.562;6180.029;6244.629;6201.562;6180.029;6223.096;6244.629;6201.562;6201.562;6244.629"	"6352.295;6330.762;6309.229;6309.229;6438.428;6352.295;6416.895;6352.295;6352.295;6330.762;6352.295;6352.295;6352.295;6352.295;6309.229;6309.229;6352.295;6330.762;6309.229;6309.229;6266.162;6309.229;6287.695;6416.895;6287.695;6395.361;6330.762;6330.762;6330.762;6244.629;6438.428"	0.04	16	6309.229	4.748	"F"
"96"	96	"Spectrogram 1"	1	172.0171939	172.2892578	6395.718	9441.298	2497.852	0.1814	6696.826	9194.678	7816.553	"6589.160;6632.227;6653.760;6912.158;7062.891;7235.156;7493.555;7041.357;6675.293;6567.627;6589.160;6524.561;6653.760;6610.693;6438.428"	"7019.824;7084.424;7192.090;7687.354;8096.484;8139.551;8376.416;8031.885;7256.689;7472.021;7235.156;7385.889;7816.553;7558.154;6998.291"	"7235.156;7601.221;7708.887;8096.484;8914.746;9323.877;9280.811;9302.344;8828.613;9130.078;9173.145;8936.279;9108.545;9259.277;9259.277"	-2.883	7	9302.344	66.473	"M"
"97"	97	"Spectrogram 1"	1	172.2260819	172.7949428	6091.16	6943.923	495.264	0.4717	6395.361	6890.625	6718.359	"6201.562;6201.562;6201.562;6244.629;6287.695;6352.295;6287.695;6287.695;6287.695;6416.895;6395.361;6395.361;6416.895;6416.895;6567.627;6653.760;6675.293;6589.160;6567.627;6503.027;6589.160;6653.760;6696.826;6675.293;6675.293;6589.160;6395.361;6416.895;6352.295;6266.162;6244.629;6330.762"	"6761.426;6761.426;6610.693;6481.494;6416.895;6416.895;6438.428;6524.561;6567.627;6589.160;6567.627;6589.160;6696.826;6675.293;6718.359;6739.893;6761.426;6739.893;6782.959;6826.025;6739.893;6869.092;6869.092;6847.559;6847.559;6804.492;6804.492;6739.893;6761.426;6804.492;6782.959;6804.492"	"6933.691;6912.158;6933.691;6933.691;6869.092;6675.293;6546.094;6739.893;6782.959;6632.227;6610.693;6696.826;6761.426;6718.359;6761.426;6761.426;6782.959;6782.959;6804.492;6933.691;6890.625;6912.158;6890.625;6912.158;6890.625;6933.691;6933.691;6890.625;6933.691;6890.625;6912.158;6912.158"	0.038	11	6933.691	8.309	"F"
"98"	98	"Spectrogram 1"	1	172.5489552	172.796286	6395.718	9928.591	2713.184	0.1633	6761.426	9474.609	7859.619	"6567.627;6589.160;6696.826;6847.559;6804.492;6847.559;6869.092;6761.426;6696.826;6632.227;6589.160;6804.492;6782.959;6739.893"	"6782.959;6955.225;7342.822;7838.086;8031.885;8505.615;8096.484;7838.086;7558.154;7751.953;7601.221;7773.486;7751.953;7687.354"	"6826.025;7170.557;7945.752;8850.146;9625.342;9689.941;9689.941;9388.477;9108.545;9173.145;9517.676;9539.209;9388.477;9517.676"	0.183	7	8957.812	115.141	"M"
"99"	99	"Spectrogram 1"	1	172.844409	173.4503696	7126.657	7674.862	430.664	0.2721	7170.557	7601.221	7407.422	"7149.023;7149.023;7170.557;7192.090;7170.557;7192.090;7278.223;7278.223;7149.023;7342.822;7342.822;7149.023;7170.557;7127.490;7256.689;7149.023;7192.090;7127.490;7170.557;7149.023;7149.023;7149.023;7149.023;7213.623;7235.156;7149.023;7170.557;7213.623;7127.490;7127.490;7149.023;7170.557;7149.023"	"7213.623;7235.156;7299.756;7299.756;7299.756;7321.289;7385.889;7428.955;7407.422;7428.955;7428.955;7235.156;7364.355;7364.355;7407.422;7278.223;7428.955;7278.223;7385.889;7299.756;7321.289;7364.355;7515.088;7493.555;7407.422;7407.422;7515.088;7536.621;7450.488;7515.088;7515.088;7450.488;7515.088"	"7579.688;7536.621;7385.889;7364.355;7428.955;7407.422;7428.955;7450.488;7450.488;7450.488;7472.021;7493.555;7665.820;7601.221;7644.287;7579.688;7536.621;7644.287;7558.154;7536.621;7579.688;7601.221;7622.754;7622.754;7579.688;7644.287;7558.154;7601.221;7644.287;7644.287;7601.221;7601.221;7644.287"	0.556	10	7536.621	20.179	"F"
"100"	100	"Spectrogram 1"	1	173.0312503	173.3033142	5938.881	9410.843	2583.984	0.1814	6503.027	9087.012	7428.955	"6524.561;6567.627;6739.893;6761.426;6912.158;7127.490;6804.492;6373.828;6201.562;6373.828;6287.695;6416.895;6416.895;6373.828;6503.027"	"6976.758;6976.758;7299.756;7515.088;7622.754;8118.018;7450.488;7235.156;7364.355;7127.490;7235.156;7278.223;7536.621;7493.555;7385.889"	"7450.488;7450.488;7773.486;8505.615;9216.211;9280.811;9108.545;9087.012;8871.680;8893.213;9043.945;9130.078;9108.545;8914.746;8936.279"	1.696	5	7751.953	29.675	"M"
"101"	101	"Spectrogram 1"	1	173.3885368	173.9326647	7857.597	8649.448	645.996	0.3084	7945.752	8591.748	8204.15	"7902.686;7902.686;7902.686;7902.686;7988.818;7967.285;8010.352;8031.885;8053.418;8118.018;8074.951;8010.352;7988.818;8031.885;7967.285;8010.352;7967.285;7902.686;7902.686;7902.686;7945.752;7945.752;7945.752;8010.352;7945.752;8139.551;7902.686;7881.152;7859.619;7902.686"	"7924.219;7945.752;7967.285;7988.818;8031.885;8031.885;8118.018;8118.018;8139.551;8161.084;8139.551;8139.551;8204.150;8247.217;8247.217;8290.283;8290.283;8182.617;8311.816;8311.816;8376.416;8419.482;8354.883;8376.416;8376.416;8397.949;8376.416;8397.949;8333.350;8290.283"	"8419.482;8031.885;8031.885;8031.885;8074.951;8139.551;8161.084;8161.084;8161.084;8182.617;8161.084;8225.684;8419.482;8591.748;8591.748;8613.281;8591.748;8591.748;8376.416;8548.682;8591.748;8634.814;8613.281;8613.281;8634.814;8613.281;8613.281;8613.281;8591.748;8505.615"	0.696	9	8613.281	11.87	"F"
"102"	102	"Spectrogram 1"	1	173.5506451	173.7979759	6030.249	9441.298	2390.186	0.1814	6632.227	9022.412	7558.154	"6653.760;6610.693;6739.893;6869.092;6826.025;6955.225;7149.023;6826.025;6481.494;6330.762;6395.361;6416.895;6416.895;6481.494"	"8139.551;6998.291;7041.357;7472.021;7730.420;8182.617;8268.750;7536.621;7170.557;7385.889;7170.557;7299.756;7665.820;8225.684"	"8182.617;8182.617;8139.551;8161.084;8268.750;9151.611;9302.344;9173.145;8957.812;8979.346;8893.213;8979.346;8828.613;8957.812"	1.917	7	8613.281	80.717	"M"
"103"	103	"Spectrogram 1"	1	174.0700399	174.3421038	5847.514	9441.298	2627.051	0.1814	6567.627	9194.678	7428.955	"6503.027;6718.359;6739.893;6890.625;6955.225;6826.025;6804.492;6481.494;6287.695;6373.828;6330.762;6416.895;6481.494;6459.961;6416.895"	"6933.691;7235.156;7450.488;7730.420;7967.285;7730.420;7170.557;7127.490;7278.223;6955.225;7127.490;7428.955;7084.424;7256.689;7170.557"	"7278.223;7751.953;8397.949;9173.145;9302.344;9302.344;9194.678;8893.213;9151.611;8957.812;9043.945;9151.611;9043.945;9173.145;9022.412"	0.848	7	9280.811	86.652	"M"
"104"	104	"Spectrogram 1"	1	174.6760004	174.9356978	5908.425	9624.033	2670.117	0.1814	6567.627	9237.744	7515.088	"6567.627;6761.426;6869.092;6933.691;6912.158;6718.359;6610.693;6330.762;6309.229;6373.828;6373.828;6481.494;6459.961;6352.295"	"6976.758;7170.557;7579.688;7902.686;7988.818;7795.020;7428.955;7105.957;7364.355;7493.555;7256.689;7342.822;7342.822;7579.688"	"7493.555;7967.285;8570.215;9323.877;9366.943;9323.877;9345.410;9216.211;9237.744;9323.877;9366.943;9194.678;9043.945;9323.877"	2.557	4	8096.484	54.603	"M"
"105"	105	"Spectrogram 1"	1	175.3190606	175.578758	5908.425	9928.591	2842.383	0.1451	6782.959	9625.342	7967.285	"6589.160;6782.959;6998.291;7062.891;6998.291;6718.359;6481.494;6589.160;6653.760;6675.293;6696.826;6589.160;6696.826;6653.760"	"7084.424;7192.090;7988.818;8204.150;8182.617;8010.352;7579.688;7795.020;7773.486;8053.418;7773.486;8118.018;7708.887;7838.086"	"7622.754;8182.617;9194.678;9797.607;9819.141;9560.742;9517.676;9517.676;9646.875;9345.410;9625.342;9582.275;9453.076;9474.609"	0	7	9819.141	105.645	"M"
"106"	106	"Spectrogram 1"	1	176.1599855	176.4073163	5299.309	9745.856	2950.049	0.1633	6244.629	9194.678	7450.488	"5706.299;5792.432;6201.562;6416.895;6761.426;6546.094;6395.361;6201.562;6201.562;6180.029;6373.828;6287.695;6309.229;6223.096"	"6223.096;6223.096;6632.227;7170.557;7988.818;7967.285;7838.086;7170.557;7385.889;7256.689;7515.088;7795.020;7084.424;7601.221"	"6610.693;6610.693;7342.822;8010.352;8871.680;9517.676;9087.012;9259.277;9345.410;9323.877;9431.543;9388.477;9388.477;9302.344"	3.561	8	8118.018	58.164	"M"
